0.617761
0.926641
1.08108
1.5444
1.31274
1.1583
1.62162
3.16602
2.93436
1.62162
1.38996
1.85328
2.85714
3.01158
3.01158
2.39382
4.16988
2.16216
3.39768
4.71042
5.48262
3.861
3.78378
3.861
3.93822
3.70656
3.39768
3.4749
2.16216
1.9305
0.772201
1.38996
1.1583
1.31274
1.69884
1.46718
1.62162
1.31274
1.5444
1.46718
1.62162
1.23552
1.08108
1.00386
0.849421
2.3166
2.3166
1.69884
1.08108
1.00386
0.46332
0.30888
0.15444
0.23166
0.15444
0.23166
0.15444
0.30888
0.0772201
0.30888
0.15444
2.08494
7.10424
4.71042
6.10038
7.79922
9.49806
9.42084
7.3359
7.10424
3.861
4.09266
9.57528
2.23938
0.0772201
0.3861
0.0772201
0.15444
0.540541
0.15444
0.46332
0.15444
0.30888
0.694981
0.694981
0.30888
0.849421
0.926641
1.62162
0.772201
0
0
0
0
0
0
0
0
0
0
0
0
0
0
0
0
0
1.1583
1.46718
1.00386
1.69884
0.3861
0.23166
1.77606
3.32046
4.6332
8.80308
10.193
8.80308
4.86486
5.63706
3.861
5.09652
4.16988
3.861
3.24324
3.24324
2.93436
1.69884
2.85714
2.47104
2.08494
2.85714
3.55212
4.16988
0
0
0
0
0
0
0
0
0
0
0
0
0
0
0
0
0
0
0
0
0
0
0
0
0
0
0
0
0
0
0
0
0
0
0
0
0
0
0
0
0
0
0
0
0
0
0
0
0
0
0
0
0
0
0
0
0
0
0
0
0
0
0
0
0
0
0
0
0
0
0
0
0
0
0
0
0
0
0
0
0
0
0
0
0
0
0
0
0
0
0
0
0
0
0
0
0
0
0
0
0
0
0
0
0
0
0
0
61.2651
38.7344
0
0
0
0
0
0
0
0
0
0
0
0
0
0
0
0
0
0
0
0
0
0
0
0
0
0
0
0
0
0
0
0
0
0
0
0
0
0
0
0
0
0
0
0
0
0
0
0
0
0
0
0
0
0
0
0
0
0
0
0
0
0
0
0.127315
0.00925926
0
0
0.0208333
0.198302
0.0108025
0.00694444
0.00771605
0.00694444
0.0100309
0.0486111
0.138889
0.0185185
0.00385802
0.000771605
0
0
0.00231481
0.348765
0.0324074
0.000771605
0
0
0
0
0
0
0
0
0
0
0.00231481
0.00462963
0
0
0
0
0
0
0
0
0.000771605
0.00231481
0.00462963
0.00617284
0.00771605
0.0108025
0.029321
0.0324074
0.0470679
0.087963
0.0987654
0.104167
0.0486111
0.0246914
0.0208333
0.0401235
0.037037
0.0246914
0.0378086
0.0408951
0.0416667
0.0563272
0.0841049
0.104167
0.00694444
0
0
0
0
0
0
0
0
0
0
0
0
0.0987654
0.128858
0.111111
0.133488
0.0501543
0.0972222
0.087963
0.0617284
0.118056
0.0871914
0.0154321
0.00925926
0.000771605
0
0
0
0
0
0
0
0
