1.07239
0.536193
0.402145
0.804289
1.60858
1.47453
1.60858
0.536193
0.670241
1.74263
3.21716
1.87668
2.54692
4.42359
1.20643
2.14477
0.536193
1.74263
4.28954
6.16622
8.71314
3.75335
3.08311
3.35121
5.36193
4.95979
4.95979
4.02145
3.08311
3.08311
2.41287
1.74263
2.54692
0.804289
1.47453
0.804289
1.60858
2.01072
1.07239
0.670241
0.268097
0.536193
0
0.268097
0.938338
1.87668
0.670241
0.402145
0.268097
0.670241
0.268097
0.268097
0.402145
0.402145
0.402145
0.938338
0.670241
0.670241
0.804289
6.30027
4.55764
4.95979
2.81501
4.28954
5.76408
5.76408
5.36193
7.37266
5.76408
5.22788
5.89813
5.89813
4.02145
3.21716
2.54692
3.08311
0
0.268097
0.536193
1.07239
0.670241
1.07239
0.536193
0.536193
0.670241
0.402145
0.670241
0.938338
0.804289
0.402145
0
0
0
0
0
0
0
0
0
0
0
0
0
0
0
2.27882
2.27882
3.75335
1.34048
0.268097
0
0.134048
0
0
0.134048
1.60858
2.01072
3.35121
3.08311
8.57909
11.3941
3.6193
4.95979
5.63003
4.82574
5.36193
5.49598
4.95979
4.02145
2.94906
3.75335
1.60858
4.02145
5.09383
3.6193
0
0
0
0
0
0
0
0
0
0
0
0
0
0
0
0
0
0
0
0
0
0
0
0
0
0
0
0
0
0
0
0
0
0
0
0
0
0
0
0
0
0
0
0
0
0
0
0
0
0
0
0
0
0
0
0
0
0
0
0
0
0
0
0
0
0
0
0
0
0
0
0
0
0
0
0
0
0
0
0
0
0
0
0
0
0
0
0
0
0
0
0
0
0
0
0
0
0
0
0
0
0
0
0
0
0
0
0
41.4994
58.5008
0
0
0
0
0
0
0
0
0
0
0
0
0
0
0
0
0
0
0
0
0
0
0
0
0
0
0
0
0
0
0
0
0
0
0
0
0
0
0
0
0
0
0
0
0
0
0
0
0
0
0
0
0
0
0
0
0
0
0
0
0
0
0
0.125837
0.0147256
0
0
0.00669344
0.186078
0.0160643
0.00937082
0.0120482
0.0147256
0.021419
0.119143
0.457831
0.00937082
0
0
0
0
0
0
0
0
0
0
0
0
0
0
0
0
0
0
0
0.00669344
0
0
0
0
0
0
0
0.00133869
0.00669344
0.00535475
0.00401606
0.00803213
0.00937082
0.0133869
0.0160643
0.0174029
0.0187416
0.0414993
0.0535475
0.0923695
0.115127
0.187416
0.153949
0.148594
0.0348059
0.0227577
0.0200803
0.0147256
0.00803213
0
0.00401606
0.00133869
0.00133869
0
0
0
0
0
0
0
0
0
0
0
0
0.064257
0.175368
0.0535475
0.0548862
0.137885
0.16332
0.147256
0.131191
0.0254351
0.0227577
0.0133869
0.00267738
0.00267738
0.00267738
0.00267738
0
0
0
0
0
0
