0.979432
0.783546
0.979432
2.05681
1.46915
1.95886
2.74241
1.95886
1.27326
1.95886
0.685602
2.74241
5.38688
2.84035
2.9383
3.13418
1.66503
1.07738
3.72184
2.74241
4.40745
3.6239
5.58277
5.48482
5.28894
3.72184
4.01567
1.95886
2.25269
1.27326
1.17532
0.979432
1.17532
1.46915
1.66503
1.66503
1.17532
1.07738
0.783546
1.27326
1.3712
1.56709
1.07738
1.56709
1.3712
3.52596
0.979432
0.391773
0.195886
0.783546
0.195886
0.195886
0
0.0979432
0.0979432
0.195886
0.489716
0.391773
0.29383
0.195886
0.195886
2.9383
5.38688
4.70128
6.75809
7.93341
4.89716
5.58277
8.03135
8.81489
9.30461
6.5622
7.44369
3.33007
0.391773
0.195886
0
0.195886
0.195886
0.0979432
0.29383
0.0979432
0.391773
0.391773
0.587659
0.195886
0.391773
1.17532
1.3712
4.21156
0
0
0
0
0
0
0
0
0
0
0
0
0
0
0
0
0.0979432
1.17532
3.13418
1.76298
0.979432
0.391773
0.29383
2.44858
2.74241
3.52596
5.58277
9.20667
6.26837
4.11362
2.74241
4.70128
3.33007
4.50539
5.09305
4.40745
5.97454
5.28894
5.77865
3.33007
2.25269
2.15475
3.33007
3.42801
2.05681
0
0
0
0
0
0
0
0
0
0
0
0
0
0
0
0
0
0
0
0
0
0
0
0
0
0
0
0
0
0
0
0
0
0
0
0
0
0
0
0
0
0
0
0
0
0
0
0
0
0
0
0
0
0
0
0
0
0
0
0
0
0
0
0
0
0
0
0
0
0
0
0
0
0
0
0
0
0
0
0
0
0
0
0
0
0
0
0
0
0
0
0
0
0
0
0
0
0
0
0
0
0
0
0
0
0
0
0
39.041
60.9587
0
0
0
0
0
0
0
0
0
0
0
0
0
0
0
0
0
0
0
0
0
0
0
0
0
0
0
0
0
0
0
0
0
0
0
0
0
0
0
0
0
0
0
0
0
0
0
0
0
0
0
0
0
0
0
0
0
0
0
0
0
0
0
0.166341
0.0136986
0
0
0.0156556
0.262231
0.00880626
0.00391389
0.0156556
0.0136986
0.0176125
0.0978474
0.363014
0.0166341
0.00293542
0
0
0
0
0
0
0
0
0
0
0
0
0
0
0
0
0
0
0.00195695
0
0
0
0
0
0
0
0
0.00293542
0.00293542
0.00391389
0.0107632
0.0156556
0.0127202
0.0273973
0.0469667
0.0518591
0.104697
0.118395
0.103718
0.111546
0.090998
0.0616438
0.0861057
0.0596869
0.0264188
0.0264188
0.0176125
0.00978474
0.00489237
0.000978474
0.00195695
0
0
0
0
0
0
0
0
0
0
0
0
0
0.127202
0.164384
0.113503
0.168297
0.108611
0.111546
0.107632
0.0401174
0.0127202
0.0176125
0.0156556
0.00782779
0.00293542
0.000978474
0.000978474
0
0
0
0
0
0
