0.908174
0.706357
0.605449
0.605449
0.706357
0.908174
0.605449
1.00908
0.403633
1.10999
3.93542
5.75177
2.92634
2.5227
2.32089
2.92634
2.82543
6.65994
7.16449
6.45813
5.85268
7.3663
5.44904
3.83451
3.02725
2.82543
2.82543
1.91726
0.706357
0.807265
0.908174
0.403633
0.403633
0.302725
0.605449
0.302725
0.201816
0.706357
1.41271
1.51362
1.10999
1.00908
1.71544
2.11907
1.71544
0.504541
0.201816
0.100908
0.201816
0.100908
0
0.302725
0.504541
0.302725
0.302725
0.100908
0.100908
0.302725
0.201816
0.605449
5.65086
4.8436
4.23815
7.56812
6.86176
6.25631
5.24723
4.43996
6.05449
6.35722
5.75177
6.76085
8.07266
7.87084
6.1554
0.706357
0.403633
0.201816
0.201816
0.100908
0.100908
0.403633
0.403633
0.201816
0.302725
0.100908
0.201816
0.302725
0.201816
0.302725
0
0
0
0
0
0
0
0
0
0
0
0
0
0
0
0
0.706357
2.21998
1.91726
1.00908
1.2109
0.403633
0.605449
1.51362
3.12815
2.5227
3.32997
6.55904
5.85268
4.33905
6.25631
4.8436
3.6327
5.24723
3.7336
4.13724
3.02725
4.54087
4.74269
5.44904
4.43996
4.74269
3.53179
3.6327
2.82543
0
0
0
0
0
0
0
0
0
0
0
0
0
0
0
0
0
0
0
0
0
0
0
0
0
0
0
0
0
0
0
0
0
0
0
0
0
0
0
0
0
0
0
0
0
0
0
0
0
0
0
0
0
0
0
0
0
0
0
0
0
0
0
0
0
0
0
0
0
0
0
0
0
0
0
0
0
0
0
0
0
0
0
0
0
0
0
0
0
0
0
0
0
0
0
0
0
0
0
0
0
0
0
0
0
0
0
0
55.7462
44.2542
0
0
0
0
0
0
0
0
0
0
0
0
0
0
0
0
0
0
0
0
0
0
0
0
0
0
0
0
0
0
0
0
0
0
0
0
0
0
0
0
0
0
0
0
0
0
0
0
0
0
0
0
0
0
0
0
0
0
0
0
0
0
0
0.389113
0.0191532
0
0
0.015121
0.337702
0.00806452
0.00403226
0.00806452
0.00201613
0.0171371
0.0665323
0.0947581
0.0191532
0.00604839
0.00100806
0
0
0
0
0
0
0
0
0
0
0
0
0
0
0
0
0.00201613
0.0100806
0
0
0
0
0
0
0
0
0.00100806
0.00201613
0.00504032
0.0110887
0.00806452
0.00907258
0.00705645
0.0120968
0.0181452
0.0272177
0.0514113
0.0766129
0.0625
0.100806
0.109879
0.149194
0.121976
0.101815
0.0725806
0.0372984
0.0131048
0.00201613
0
0
0
0
0
0
0
0
0
0
0
0
0
0
0
0.0423387
0.290323
0.0836694
0.0483871
0.105847
0.0372984
0.0413306
0.0756048
0.0685484
0.0756048
0.0856855
0.0403226
0.00504032
0
0
0
0
0
0
0
0
