0
0.332226
0.332226
0
0
0
0
0
0
0
0
0
0.996678
2.32558
8.63787
14.9502
14.9502
9.30232
4.98339
4.65116
5.98007
3.98671
4.65116
4.98339
3.98671
3.98671
4.31894
0.996678
1.99336
0.664452
0.664452
0.664452
0.664452
0
0
0
0
0
0
0
0
0.332226
0.332226
0.664452
0
0
0
0
0
0.332226
0.332226
0.664452
0
0.996678
0.996678
0.332226
2.32558
1.3289
3.32226
3.32226
4.31894
5.31561
7.64119
3.98671
4.98339
4.65116
4.98339
3.65448
3.32226
4.65116
4.98339
4.98339
4.98339
3.65448
4.65116
3.98671
1.99336
1.99336
2.65781
2.32558
2.65781
0
0
0
0
0
0
0
0
0
0
0
0
0
0
0
0
0
0
1.3289
0.332226
0.664452
0
0
0.332226
0.664452
0.664452
0.332226
0.332226
0.664452
0
0
0
0
0.332226
0.664452
0.664452
0.332226
0.332226
4.98339
5.64784
1.99336
4.31894
4.98339
6.31229
4.98339
5.31561
7.64119
7.30897
7.30897
6.97674
8.63787
7.30897
5.64784
3.32226
0
0
0
0
0
0
0
0
0
0
0
0
0
0
0
0
0
0
0
0
0
0
0
0
0
0
0
0
0
0
0
0
0
0
0
0
0
0
0
0
0
0
0
0
0
0
0
0
0
0
0
0
0
0
0
0
0
0
0
0
0
0
0
0
0
0
0
0
0
0
0
0
0
0
0
0
0
0
0
0
0
0
0
0
0
0
0
0
0
0
0
0
0
0
0
0
0
0
0
0
0
0
0
0
0
0
0
0
35.0993
64.9008
0
0
0
0
0
0
0
0
0
0
0
0
0
0
0
0
0
0
0
0
0
0
0
0
0
0
0
0
0
0
0
0
0
0
0
0
0
0
0
0
0
0
0
0
0
0
0
0
0
0
0
0
0
0
0
0
0
0
0
0
0
0
0
0.821192
0
0
0
0
0
0
0
0
0
0
0
0
0
0
0
0
0
0
0
0.00331126
0
0
0
0
0
0
0
0
0
0
0
0.0662252
0.109272
0
0
0
0
0
0
0
0
0
0.00331126
0
0
0
0
0.00331126
0.00331126
0.00993378
0.013245
0.00993378
0.0331126
0.0397351
0.0728477
0.119205
0.155629
0.218543
0.168874
0.102649
0.0331126
0.013245
0
0
0
0
0
0
0
0
0
0
0
0
0
0
0
0
0.00331126
0
0
0.0198676
0.0165563
0.0496689
0.0993377
0.198675
0.188742
0.218543
0.139073
0.0529801
0.013245
0
0
0
0
0
0
0
0
