0.764526
0.30581
0.152905
0.152905
0.458716
0.152905
0
0
0
0
0
0.152905
3.21101
4.74006
6.11621
5.8104
7.49235
7.64526
8.25688
8.40978
8.10397
6.42202
5.04587
5.50459
2.75229
2.29358
2.44648
2.29358
1.83486
1.37615
0.764526
0
0
0.152905
0
0
0
0
0
0.152905
0.764526
0.30581
0.917431
1.68196
3.51682
0
0
0
0.30581
0.152905
0.458716
0.458716
0.30581
0.152905
0.152905
0.30581
0.152905
1.98777
3.21101
7.18654
4.89297
5.50459
6.11621
5.65749
5.9633
3.82263
4.89297
4.58716
3.21101
4.12844
4.28135
3.97554
3.36391
2.75229
4.12844
7.18654
3.66973
2.9052
0.30581
0.458716
0.458716
0.458716
0.30581
0.152905
1.07034
0.458716
0.611621
0
0
0
0
0
0
0
0
0
0
0
0
0
0
0.30581
0
0
0.611621
0.458716
0.917431
0.458716
0.30581
1.07034
0.458716
0.30581
0
2.14067
2.44648
3.36391
3.0581
3.51682
4.58716
5.65749
3.82263
6.11621
3.82263
7.33945
5.19878
5.8104
5.9633
6.57492
5.19878
3.97554
3.97554
4.58716
2.75229
3.21101
2.14067
0
0
0
0
0
0
0
0
0
0
0
0
0
0
0
0
0
0
0
0
0
0
0
0
0
0
0
0
0
0
0
0
0
0
0
0
0
0
0
0
0
0
0
0
0
0
0
0
0
0
0
0
0
0
0
0
0
0
0
0
0
0
0
0
0
0
0
0
0
0
0
0
0
0
0
0
0
0
0
0
0
0
0
0
0
0
0
0
0
0
0
0
0
0
0
0
0
0
0
0
0
0
0
0
0
0
0
0
64.5802
35.4199
0
0
0
0
0
0
0
0
0
0
0
0
0
0
0
0
0
0
0
0
0
0
0
0
0
0
0
0
0
0
0
0
0
0
0
0
0
0
0
0
0
0
0
0
0
0
0
0
0
0
0
0
0
0
0
0
0
0
0
0
0
0
0
0.357252
0.00152672
0
0
0.00305344
0.424427
0.00152672
0.00458015
0.00305344
0.00152672
0.00610687
0.0137405
0.0610687
0.0687023
0.00305344
0
0
0
0
0
0
0
0
0
0
0
0
0
0
0
0
0
0.0244275
0.0259542
0
0
0
0
0
0
0
0
0.00152672
0.00305344
0.00305344
0.00610687
0.010687
0.0122137
0.010687
0.0244275
0.0244275
0.048855
0.0427481
0.0687023
0.0977099
0.0763359
0.0778626
0.128244
0.122137
0.119084
0.0870229
0.0244275
0.00916031
0.00152672
0
0
0
0
0
0
0
0
0
0
0
0
0
0
0
0.0549618
0.332824
0.155725
0.0564886
0.0122137
0.0549618
0.0396947
0.0305344
0.0442748
0.100763
0.0763359
0.0335878
0.00763359
0
0
0
0
0
0
0
0
