0.987925
0.768386
0.109769
0.439078
0.219539
0.439078
0.329308
0.439078
0.548847
0.658617
1.09769
0.987925
0.987925
3.40285
5.3787
3.18332
2.74424
2.5247
4.61032
6.4764
6.69594
5.26894
4.50055
2.41493
3.18332
2.63447
3.29309
5.0494
3.84193
2.85401
1.427
1.64654
2.63447
2.5247
0.987925
0.768386
0.439078
2.96378
1.86608
1.53677
1.31723
1.75631
1.97585
1.75631
0.439078
0.548847
1.53677
3.07355
1.53677
0.987925
0.878156
0.658617
0.439078
0.768386
0.329308
0.658617
0.439078
0.329308
0.219539
0.219539
3.73216
5.15917
6.14709
7.79363
6.58617
5.92755
4.82986
4.17124
5.26894
4.17124
5.26894
7.13501
5.26894
4.82986
5.70801
0.329308
0.439078
0.219539
0.439078
0.219539
0.109769
0.219539
0.219539
0.109769
0.109769
0.439078
0.878156
1.09769
0.439078
0.219539
0
0
0
0
0
0
0
0
0
0
0
0
0
0
0
0.768386
1.53677
0.768386
0.329308
0.439078
0.219539
0.658617
0
2.19539
2.85401
3.51262
6.03732
5.3787
10.3183
11.3063
5.48847
3.73216
4.72009
5.15917
2.08562
2.5247
3.07355
2.96378
2.19539
2.41493
4.39078
4.61032
3.18332
3.73216
3.51262
0
0
0
0
0
0
0
0
0
0
0
0
0
0
0
0
0
0
0
0
0
0
0
0
0
0
0
0
0
0
0
0
0
0
0
0
0
0
0
0
0
0
0
0
0
0
0
0
0
0
0
0
0
0
0
0
0
0
0
0
0
0
0
0
0
0
0
0
0
0
0
0
0
0
0
0
0
0
0
0
0
0
0
0
0
0
0
0
0
0
0
0
0
0
0
0
0
0
0
0
0
0
0
0
0
0
0
0
64.3642
35.636
0
0
0
0
0
0
0
0
0
0
0
0
0
0
0
0
0
0
0
0
0
0
0
0
0
0
0
0
0
0
0
0
0
0
0
0
0
0
0
0
0
0
0
0
0
0
0
0
0
0
0
0
0
0
0
0
0
0
0
0
0
0
0
0.105263
0.00438596
0
0
0.00548246
0.140351
0.00438596
0.00328947
0.00548246
0.00438596
0.00877193
0.0208333
0.0910088
0.0131579
0.00438596
0.00219298
0
0.00328947
0.00877193
0.539474
0.0241228
0
0
0
0
0
0
0
0
0
0
0
0.00328947
0.00767544
0
0
0
0
0
0
0
0
0
0.00219298
0.00328947
0.00986842
0.00767544
0.0120614
0.0197368
0.0219298
0.0142544
0.0263158
0.0405702
0.0614035
0.0625
0.0942982
0.0800439
0.0263158
0.0142544
0.00877193
0.00986842
0.00877193
0.0208333
0.0493421
0.1875
0.205044
0.0131579
0
0
0
0
0
0
0
0
0
0
0
0
0.0460526
0.156798
0.0416667
0.0559211
0.0723684
0.0361842
0.058114
0.111842
0.244518
0.156798
0.0120614
0.00767544
0
0
0
0
0
0
0
0
0
