0.687285
0
0.343643
0
0.343643
0
0
0
0
0
0
0
1.03093
0.687285
5.84193
18.2131
15.1203
10.3093
7.56014
5.15464
5.15464
4.46735
3.09278
3.09278
3.78007
5.49828
3.09278
0
1.37457
0
0.687285
0
0
0
0
0
0
0
0
0.687285
0
0.687285
1.03093
0.687285
1.71821
0
0
0
0.343643
0
0
0.687285
0
0.343643
0
1.37457
1.37457
3.43643
3.78007
4.811
4.12371
5.49828
5.49828
3.09278
7.2165
5.15464
6.87285
4.12371
5.15464
5.84193
5.15464
3.78007
3.78007
4.811
4.12371
3.09278
2.4055
1.71821
0.687285
0
0.343643
0.343643
0
0.343643
0.343643
0.687285
0
0
0
0
0
0
0
0
0
0
0
0
0
0
1.71821
0.687285
0
0.343643
1.71821
1.37457
1.37457
0.343643
0.687285
0.343643
0
0.343643
0
1.03093
1.37457
1.37457
1.71821
1.37457
0.687285
4.12371
7.56014
2.74914
3.78007
3.78007
2.06186
5.15464
5.49828
6.87285
6.52921
7.90378
4.46735
10.3093
5.15464
3.09278
4.811
0
0
0
0
0
0
0
0
0
0
0
0
0
0
0
0
0
0
0
0
0
0
0
0
0
0
0
0
0
0
0
0
0
0
0
0
0
0
0
0
0
0
0
0
0
0
0
0
0
0
0
0
0
0
0
0
0
0
0
0
0
0
0
0
0
0
0
0
0
0
0
0
0
0
0
0
0
0
0
0
0
0
0
0
0
0
0
0
0
0
0
0
0
0
0
0
0
0
0
0
0
0
0
0
0
0
0
0
8.21918
91.7809
0
0
0
0
0
0
0
0
0
0
0
0
0
0
0
0
0
0
0
0
0
0
0
0
0
0
0
0
0
0
0
0
0
0
0
0
0
0
0
0
0
0
0
0
0
0
0
0
0
0
0
0
0
0
0
0
0
0
0
0
0
0
0
0
0
0
0
0
0
0
0
0
0
0
0.0787671
0.756849
0.140411
0.0205479
0
0
0
0
0
0
0.00342466
0
0
0
0
0
0
0
0
0
0
0
0
0
0
0
0
0
0
0
0
0.00342466
0
0.00342466
0
0.0171233
0.00684932
0.0273973
0.0239726
0.0513699
0.0308219
0.0376712
0.0547945
0.126712
0.160959
0.171233
0.106164
0.0650685
0.0308219
0.0171233
0.0239726
0.010274
0.0136986
0.0136986
0.00342466
0
0
0
0
0
0
0
0
0
0
0
0
0
0.0171233
0.0582192
0.0821918
0.0753425
0.188356
0.195205
0.184932
0.0958904
0.0308219
0.0273973
0.0171233
0.0136986
0.010274
0.00342466
0
0
0
0
0
0
0
