0.915565
0.712106
0.915565
1.01729
1.22075
0.813835
1.22075
1.01729
1.42421
2.74669
3.66226
2.64496
3.96745
1.83113
3.05188
2.44151
1.93286
3.25534
6.10376
6.61241
6.61241
7.73143
7.32452
6.00203
3.76399
2.23805
1.32248
0.508647
0.508647
0.406918
0.712106
0.610376
0.101729
0.101729
0.305188
0.813835
0.712106
1.22075
1.22075
1.62767
1.62767
2.54324
2.33978
1.22075
1.01729
1.42421
0.203459
0.101729
0.101729
0.305188
0
0.101729
0.610376
0.203459
0.101729
0.305188
0.203459
0
0.203459
0
4.88301
5.69685
5.49339
8.34181
8.03662
8.03662
7.12106
6.20549
7.83316
6.00203
5.79858
3.76399
5.08647
6.51068
3.56053
0.203459
0.101729
0.203459
0
0.101729
0.305188
0.203459
0
0.101729
0.101729
0.406918
0.203459
0.508647
0.508647
0.915565
0
0
0
0
0
0
0
0
0
0
0
0
0
0
0
0
0
0.406918
1.22075
1.01729
1.7294
1.42421
0.203459
1.52594
2.33978
4.47609
4.88301
5.59512
6.10376
7.42625
6.10376
5.08647
5.79858
5.39166
4.06918
4.47609
5.39166
3.25534
3.4588
3.4588
3.4588
2.33978
3.66226
3.76399
2.03459
0
0
0
0
0
0
0
0
0
0
0
0
0
0
0
0
0
0
0
0
0
0
0
0
0
0
0
0
0
0
0
0
0
0
0
0
0
0
0
0
0
0
0
0
0
0
0
0
0
0
0
0
0
0
0
0
0
0
0
0
0
0
0
0
0
0
0
0
0
0
0
0
0
0
0
0
0
0
0
0
0
0
0
0
0
0
0
0
0
0
0
0
0
0
0
0
0
0
0
0
0
0
0
0
0
0
0
0
42.2765
57.7239
0
0
0
0
0
0
0
0
0
0
0
0
0
0
0
0
0
0
0
0
0
0
0
0
0
0
0
0
0
0
0
0
0
0
0
0
0
0
0
0
0
0
0
0
0
0
0
0
0
0
0
0
0
0
0
0
0
0
0
0
0
0
0
0.409553
0.0132114
0
0
0.00203252
0.326219
0.0050813
0.00203252
0.00203252
0.00711382
0.0111789
0.023374
0.112805
0.0376016
0.0121951
0
0
0
0
0
0
0
0
0
0
0
0
0
0
0
0
0
0.0101626
0.0254065
0
0
0
0
0
0
0
0.00101626
0.00304878
0.0050813
0.0121951
0.00609756
0.0101626
0.0182927
0.0182927
0.023374
0.0386179
0.0416667
0.0528455
0.0924797
0.109756
0.0904472
0.0538618
0.117886
0.0752033
0.0904472
0.0914634
0.0416667
0.00609756
0
0
0
0
0
0
0
0
0
0
0
0
0
0
0
0
0.0873984
0.240854
0.121951
0.0670732
0.0406504
0.0660569
0.078252
0.0477642
0.0477642
0.0609756
0.0924797
0.0426829
0.00609756
0
0
0
0
0
0
0
0
