2.06835
1.79856
0.719424
0.539568
0.539568
0.629496
0.899281
1.34892
1.16906
1.79856
2.33813
2.2482
1.88849
4.31655
1.16906
1.79856
1.43885
2.33813
3.14748
7.28418
7.37411
8.27339
8.18346
5.48561
3.32734
0.629496
0.269784
0.359712
0.269784
0.0899281
0.269784
0.44964
0.809353
1.25899
1.07914
0.809353
1.07914
1.34892
0.809353
1.25899
2.51799
3.05755
4.85612
3.68705
3.05755
0.0899281
0.269784
0.179856
0.179856
0.0899281
0
0
0.0899281
0.0899281
0.359712
0.0899281
0
0.359712
0.0899281
0
0.179856
0
4.58633
8.45324
6.56475
15.018
13.2194
12.5
9.6223
7.01439
6.74461
8.54317
2.8777
0.179856
0.359712
0
0.44964
0.0899281
0.179856
0.179856
0.359712
0
0
0.179856
0.0899281
0.0899281
0.269784
0
0.179856
0.269784
0
0
0
0
0
0
0
0
0
0
0
0
0
0
0
0
0
0
0
0.179856
0.719424
2.06835
1.16906
5.1259
6.83454
7.73382
7.91367
7.10432
6.29497
6.56475
4.22662
5.66547
4.31655
3.23741
2.42806
3.14748
2.8777
3.05755
1.70863
2.15827
2.60791
2.60791
2.33813
3.23741
4.76619
0
0
0
0
0
0
0
0
0
0
0
0
0
0
0
0
0
0
0
0
0
0
0
0
0
0
0
0
0
0
0
0
0
0
0
0
0
0
0
0
0
0
0
0
0
0
0
0
0
0
0
0
0
0
0
0
0
0
0
0
0
0
0
0
0
0
0
0
0
0
0
0
0
0
0
0
0
0
0
0
0
0
0
0
0
0
0
0
0
0
0
0
0
0
0
0
0
0
0
0
0
0
0
0
0
0
0
0
56.5141
43.4862
0
0
0
0
0
0
0
0
0
0
0
0
0
0
0
0
0
0
0
0
0
0
0
0
0
0
0
0
0
0
0
0
0
0
0
0
0
0
0
0
0
0
0
0
0
0
0
0
0
0
0
0
0
0
0
0
0
0
0
0
0
0
0
0.196765
0.017071
0
0
0
0.325247
0.00449236
0.00808625
0.00449236
0.00628931
0.0107817
0.0584007
0.322552
0.0179695
0.00359389
0.00179695
0
0
0
0
0
0
0
0
0
0
0
0
0
0
0
0
0.00539084
0.017071
0
0
0
0
0
0
0
0
0.000898473
0.00269542
0.000898473
0.00449236
0.00359389
0.0143756
0.017071
0.0098832
0.0233603
0.0278527
0.0655885
0.0907457
0.132974
0.143756
0.109614
0.17071
0.06469
0.0386343
0.0359389
0.017071
0.0143756
0.00449236
0.00269542
0.00179695
0.00179695
0
0
0
0
0
0
0
0
0
0
0
0
0.047619
0.261456
0.0835579
0.0736748
0.0997305
0.146451
0.0898473
0.0925427
0.034142
0.0188679
0.0269542
0.0125786
0.00539084
0.00359389
0.00269542
0.000898473
0
0
0
0
0
