2.1814
1.0333
0.803674
0.574053
0.229621
0.114811
0.344432
0.574053
0.574053
0.918485
1.37773
2.98507
3.44432
3.67394
7.23306
6.19977
5.39609
5.16647
3.55913
5.28128
4.93685
2.64064
1.95178
2.06659
1.37773
2.06659
1.60735
3.21469
3.21469
2.98507
3.55913
4.13318
2.1814
0.229621
0.229621
0.459242
1.26292
0.459242
0.688863
1.26292
0.459242
1.26292
1.72216
2.06659
2.41102
0.574053
0
0.114811
0
0
0.114811
0.114811
0.114811
0.114811
0.229621
0
0.229621
0.114811
0.114811
0
0.114811
2.06659
10.2181
7.23306
5.85534
6.88863
6.5442
6.31458
10.4478
10.333
9.07003
8.61079
7.46268
4.82204
0.229621
0.114811
0
0.229621
0
0
0.229621
0.344432
0.459242
0.229621
0.114811
0.114811
0
0
0
0.229621
0
0
0
0
0
0
0
0
0
0
0
0
0
0
0
0
0.344432
0
0
0.114811
0.114811
0.229621
0.114811
1.60735
3.09988
3.90356
5.97015
5.05166
4.82204
5.05166
4.70723
4.01837
4.13318
3.44432
4.24799
3.78875
3.21469
4.3628
5.16647
4.70723
5.05166
7.23306
6.08496
5.62571
3.90356
0
0
0
0
0
0
0
0
0
0
0
0
0
0
0
0
0
0
0
0
0
0
0
0
0
0
0
0
0
0
0
0
0
0
0
0
0
0
0
0
0
0
0
0
0
0
0
0
0
0
0
0
0
0
0
0
0
0
0
0
0
0
0
0
0
0
0
0
0
0
0
0
0
0
0
0
0
0
0
0
0
0
0
0
0
0
0
0
0
0
0
0
0
0
0
0
0
0
0
0
0
0
0
0
0
0
0
0
49.1971
50.8026
0
0
0
0
0
0
0
0
0
0
0
0
0
0
0
0
0
0
0
0
0
0
0
0
0
0
0
0
0
0
0
0
0
0
0
0
0
0
0
0
0
0
0
0
0
0
0
0
0
0
0
0
0
0
0
0
0
0
0
0
0
0
0
0.0665138
0.00802752
0.00114679
0
0.0366972
0.375
0.0114679
0.00917431
0.0103211
0.0137615
0.0114679
0.0860092
0.338303
0.0252294
0.00458716
0.00229358
0
0
0
0
0
0
0
0
0
0
0
0
0
0
0
0
0
0
0
0
0
0
0
0
0
0
0
0.00229358
0
0.00458716
0.00573394
0.0114679
0.0194954
0.0309633
0.0561927
0.0928899
0.131881
0.0837156
0.0745413
0.0676605
0.0791284
0.120413
0.0986239
0.0458716
0.0309633
0.0194954
0.00802752
0.00573394
0.00458716
0.00344037
0.00229358
0
0
0
0
0
0
0
0
0
0
0
0
0.147936
0.209862
0.161697
0.137615
0.0538991
0.0951835
0.0825688
0.0424312
0.016055
0.0206422
0.0149083
0.00802752
0.00573394
0.00229358
0.00114679
0
0
0
0
0
0
