2.19399
2.19399
0.577367
0.808314
0.692841
0.692841
0.692841
0.461894
1.03926
1.03926
1.38568
1.27021
1.84757
3.11778
3.00231
2.42494
3.11778
3.9261
4.61894
7.27482
4.96536
6.58198
9.46882
4.96536
2.65589
1.27021
0.808314
0.577367
0.692841
0.461894
0.115473
0.692841
0.808314
0.34642
0.577367
0.692841
1.15473
1.03926
2.30947
1.27021
1.84757
2.88684
4.38799
5.31178
1.84757
0.461894
0.230947
0.34642
0.230947
0
0.34642
0.115473
0.115473
0
0.34642
0.115473
0.230947
0.34642
0.115473
0.230947
0
0.115473
3.9261
9.1224
6.69746
10.3926
13.7413
10.0462
8.89145
7.96766
9.46882
7.62124
4.61894
0.115473
0.230947
0.115473
0.34642
0
0.115473
0.115473
0.461894
0.461894
0.115473
0.115473
0.115473
0.115473
0.34642
0.34642
0.808314
0.34642
0
0
0
0
0
0
0
0
0
0
0
0
0
0
0
0
0
0
0.115473
0.808314
1.84757
1.84757
0.577367
5.08083
6.12009
5.88914
9.23787
7.62124
7.3903
5.77367
5.42725
4.04157
3.23326
4.15704
2.77136
3.69515
3.23326
2.77136
2.65589
3.57968
2.77136
2.65589
2.65589
2.54042
1.61663
0
0
0
0
0
0
0
0
0
0
0
0
0
0
0
0
0
0
0
0
0
0
0
0
0
0
0
0
0
0
0
0
0
0
0
0
0
0
0
0
0
0
0
0
0
0
0
0
0
0
0
0
0
0
0
0
0
0
0
0
0
0
0
0
0
0
0
0
0
0
0
0
0
0
0
0
0
0
0
0
0
0
0
0
0
0
0
0
0
0
0
0
0
0
0
0
0
0
0
0
0
0
0
0
0
0
0
0
59.6313
40.3693
0
0
0
0
0
0
0
0
0
0
0
0
0
0
0
0
0
0
0
0
0
0
0
0
0
0
0
0
0
0
0
0
0
0
0
0
0
0
0
0
0
0
0
0
0
0
0
0
0
0
0
0
0
0
0
0
0
0
0
0
0
0
0
0.11534
0.023068
0
0
0.00692042
0.412918
0.00576701
0.0103806
0.011534
0.017301
0.0196078
0.0576701
0.299885
0.0149942
0
0.0023068
0
0
0.0011534
0.0011534
0
0
0
0
0
0
0
0
0
0
0
0
0
0
0
0
0
0
0
0
0
0
0
0.0023068
0.00346021
0.00346021
0.00461361
0.00576701
0.0161476
0.0126874
0.011534
0.0519031
0.0588235
0.0922722
0.0922722
0.152249
0.125721
0.176471
0.0726644
0.0449827
0.0357555
0.011534
0.0138408
0.00461361
0.00461361
0.0011534
0.0011534
0
0
0
0
0
0
0
0
0
0
0
0
0.0553633
0.32872
0.100346
0.0807382
0.102653
0.0795848
0.10842
0.0576701
0.0299885
0.0265283
0.0149942
0.0103806
0.0011534
0.0011534
0.0023068
0
0
0
0
0
0
