2.64317
3.23054
2.34949
0.734214
0.146843
0.146843
0
0
0
0.293686
0.881057
6.1674
3.67107
1.76211
2.49633
6.46109
6.60793
3.81792
3.81792
2.79001
2.20264
0.587372
1.0279
1.76211
1.90896
2.64317
3.81792
3.81792
5.1395
4.99266
2.79001
5.72687
1.32159
0.146843
0.146843
0
0.440529
0.146843
0.293686
0.587372
0.734214
2.93686
2.93686
2.49633
3.52423
0
0.146843
0
0.146843
0.146843
0
0
0.146843
0
0
0
0.146843
0
0
0
0
0
0
1.46843
15.1248
13.9501
8.95742
10.8664
17.0338
17.4743
11.0132
1.61527
0
0.293686
0
0
0.146843
0
0.146843
0.146843
0.146843
0.293686
0.293686
0
0
0.146843
0.146843
0.146843
0
0
0
0
0
0
0
0
0
0
0
0
0
0
0
0
0
0
0
0
0
0.293686
0
0
0.146843
1.90896
4.40529
3.81792
2.64317
5.58003
6.02056
5.58003
4.99266
3.96476
5.28635
5.1395
3.67107
3.96476
3.37739
4.84582
3.96476
4.69897
4.25844
5.1395
4.1116
6.60793
5.72687
0
0
0
0
0
0
0
0
0
0
0
0
0
0
0
0
0
0
0
0
0
0
0
0
0
0
0
0
0
0
0
0
0
0
0
0
0
0
0
0
0
0
0
0
0
0
0
0
0
0
0
0
0
0
0
0
0
0
0
0
0
0
0
0
0
0
0
0
0
0
0
0
0
0
0
0
0
0
0
0
0
0
0
0
0
0
0
0
0
0
0
0
0
0
0
0
0
0
0
0
0
0
0
0
0
0
0
0
43.2552
56.7451
0
0
0
0
0
0
0
0
0
0
0
0
0
0
0
0
0
0
0
0
0
0
0
0
0
0
0
0
0
0
0
0
0
0
0
0
0
0
0
0
0
0
0
0
0
0
0
0
0
0
0
0
0
0
0
0
0
0
0
0
0
0
0
0.101173
0.0058651
0
0
0.0131965
0.76393
0.00146628
0.00146628
0.00146628
0.00146628
0.00293255
0.0117302
0.042522
0.0351906
0.00439883
0.00293255
0
0
0
0.00146628
0.00146628
0
0
0
0
0
0
0
0
0
0
0
0
0.00733138
0
0
0
0
0
0
0
0
0
0.00293255
0.00146628
0.00293255
0.00293255
0.00879765
0.00293255
0.0117302
0.0351906
0.058651
0.0923754
0.0923754
0.0630499
0.0542522
0.0865103
0.215543
0.167155
0.0601173
0.0337243
0.00293255
0
0.00146628
0.00146628
0.00146628
0
0
0
0
0
0
0
0
0
0
0
0
0
0.117302
0.501466
0.233138
0.0249267
0.0498534
0.0410557
0.00733138
0.00439883
0.0058651
0.00879765
0.00439883
0.00146628
0
0
0
0
0
0
0
0
0
