0.744417
1.11663
1.36476
0.372208
1.36476
1.24069
0.868486
0.992556
1.98511
1.11663
2.10918
3.47394
4.59057
4.71464
2.48139
1.86104
3.72208
4.21836
4.71464
5.7072
6.20348
6.69976
7.56824
5.08685
4.96278
2.8536
1.11663
1.24069
0.496278
0.372208
0.372208
0.124069
0
0
0
0.620347
0.992556
1.86104
1.36476
1.36476
1.73697
1.73697
1.48883
1.86104
1.24069
0.992556
0.496278
0.248139
0
0.372208
0.372208
0.372208
0
0.124069
0.372208
0.248139
0.124069
0.620347
0.124069
0
3.34988
8.93301
5.21092
6.07941
6.69976
4.96278
7.19603
5.33499
6.57569
5.58313
5.58313
5.33499
7.81638
9.05708
2.10918
0
0.248139
0.620347
0.372208
0.124069
0.124069
0.124069
0.248139
0.248139
0.124069
0.496278
0.372208
0.248139
1.24069
1.24069
0
0
0
0
0
0
0
0
0
0
0
0
0
0
0
0
0.248139
0.248139
1.48883
1.6129
2.23325
0.868486
0.124069
1.11663
1.36476
4.34243
4.4665
6.07941
8.43673
8.06452
5.21092
4.21836
7.19603
4.59057
5.08685
3.97022
4.34243
3.97022
3.84615
3.34988
3.72208
2.10918
4.71464
2.23325
0.868486
0
0
0
0
0
0
0
0
0
0
0
0
0
0
0
0
0
0
0
0
0
0
0
0
0
0
0
0
0
0
0
0
0
0
0
0
0
0
0
0
0
0
0
0
0
0
0
0
0
0
0
0
0
0
0
0
0
0
0
0
0
0
0
0
0
0
0
0
0
0
0
0
0
0
0
0
0
0
0
0
0
0
0
0
0
0
0
0
0
0
0
0
0
0
0
0
0
0
0
0
0
0
0
0
0
0
0
0
60.4712
39.5293
0
0
0
0
0
0
0
0
0
0
0
0
0
0
0
0
0
0
0
0
0
0
0
0
0
0
0
0
0
0
0
0
0
0
0
0
0
0
0
0
0
0
0
0
0
0
0
0
0
0
0
0
0
0
0
0
0
0
0
0
0
0
0
0.156134
0.0148699
0
0
0.00743494
0.682776
0.00495663
0.00123916
0
0.00371747
0.00371747
0.00991326
0.0384139
0.0408922
0.00371747
0.00123916
0
0
0
0
0
0
0
0
0
0
0
0
0
0
0
0
0.00247831
0.0285006
0
0
0
0
0
0
0
0
0
0.00371747
0.00247831
0.0086741
0.00495663
0.0148699
0.0297398
0.0272615
0.0346964
0.039653
0.0371747
0.0793061
0.0793061
0.0483271
0.0805452
0.209418
0.13259
0.0582404
0.0780669
0.023544
0.00495663
0.00247831
0
0
0
0
0
0
0
0
0
0
0
0
0
0
0
0.0978934
0.50062
0.185874
0.0421313
0.0272615
0.023544
0.016109
0.00619579
0.00991326
0.0346964
0.0322181
0.0198265
0.00371747
0
0
0
0
0
0
0
0
