0.874317
0.437158
0.765027
0.437158
0.10929
0.765027
0.327869
0.327869
0.874317
2.95082
3.93443
5.2459
1.74863
2.0765
3.06011
1.85792
1.74863
4.04372
4.80874
5.79235
8.63388
6.66667
6.01093
4.59016
3.93443
3.06011
2.0765
2.62295
2.40437
1.31148
0.327869
1.42077
0.983607
0.546448
0.765027
0.437158
0.546448
0.546448
0.983607
0.437158
1.63934
1.63934
2.40437
2.29508
1.63934
0.546448
0.218579
0
0.218579
0.10929
0.10929
0.218579
0.437158
0.10929
0.218579
0.218579
0
0.327869
0.10929
0.218579
6.44809
4.48088
4.59016
5.90164
8.08743
6.01093
5.02732
5.57377
5.90164
5.57377
7.4317
6.66667
6.55738
6.66667
8.30601
0.218579
0
0.10929
0.10929
0
0.10929
0.10929
0.10929
0.218579
0
0.437158
0.546448
0.327869
0.546448
0.983607
0
0
0
0
0
0
0
0
0
0
0
0
0
0
0
0.765027
0.655738
0.874317
0.765027
0.655738
0.874317
1.20219
0.327869
1.63934
5.02732
3.49727
2.73224
5.90164
5.90164
5.13661
6.12022
5.79235
4.2623
5.13661
4.80874
4.37159
4.2623
2.51366
4.15301
4.59016
5.13661
3.82514
3.38798
2.84153
2.95082
0
0
0
0
0
0
0
0
0
0
0
0
0
0
0
0
0
0
0
0
0
0
0
0
0
0
0
0
0
0
0
0
0
0
0
0
0
0
0
0
0
0
0
0
0
0
0
0
0
0
0
0
0
0
0
0
0
0
0
0
0
0
0
0
0
0
0
0
0
0
0
0
0
0
0
0
0
0
0
0
0
0
0
0
0
0
0
0
0
0
0
0
0
0
0
0
0
0
0
0
0
0
0
0
0
0
0
0
37.7729
62.2268
0
0
0
0
0
0
0
0
0
0
0
0
0
0
0
0
0
0
0
0
0
0
0
0
0
0
0
0
0
0
0
0
0
0
0
0
0
0
0
0
0
0
0
0
0
0
0
0
0
0
0
0
0
0
0
0
0
0
0
0
0
0
0
0.123362
0.0152838
0
0
0.0163755
0.361354
0.00764192
0.00982533
0.00436681
0.010917
0.010917
0.0480349
0.342795
0.0425764
0.00436681
0.00218341
0
0
0
0
0
0
0
0
0
0
0
0
0
0
0
0
0
0
0
0
0
0
0
0
0
0.0010917
0.00218341
0.00218341
0.0131004
0.00982533
0.00873362
0.00873362
0.010917
0.010917
0.018559
0.0316594
0.0469432
0.0829694
0.0753275
0.138646
0.159389
0.139738
0.0949782
0.0502183
0.0360262
0.0305677
0.0120087
0.00873362
0.00327511
0.00327511
0
0
0
0
0
0
0
0
0
0
0
0
0
0.0458515
0.319869
0.100437
0.0753275
0.0960699
0.0884279
0.123362
0.05131
0.0283843
0.0316594
0.0240175
0.00545852
0.00873362
0.0010917
0
0
0
0
0
0
0
