2.32198
1.23839
1.70279
2.47678
1.70279
2.01238
0.154799
0
0.154799
0.464396
0.464396
0.619195
0.928793
2.47678
8.82353
6.65635
6.81115
8.35914
4.64396
6.03715
2.01238
3.09598
1.70279
2.01238
2.32198
3.56037
2.78638
1.85759
0.464396
1.08359
0
0.309598
0.309598
0.154799
0.154799
0
0.773994
1.23839
3.56037
3.86997
2.63158
2.32198
2.16718
1.54799
2.16718
0
0.309598
0
0.154799
0.309598
0.154799
0.309598
0
0
0
0
0.154799
0
0
0.154799
0
0.154799
0.154799
0.154799
9.28793
11.9195
12.6935
17.647
16.4087
15.1703
11.6099
0.464396
0.154799
0.309598
0
0
0
0.154799
0.154799
0.154799
0.154799
0.309598
0.309598
0.309598
0.154799
0.309598
0
0.464396
0
0
0
0
0
0
0
0
0
0
0
0
0
0
0
0
0
0
0
0
0
0.309598
3.86997
0.309598
0.464396
1.23839
3.40557
5.72756
6.19195
4.79876
4.17957
5.41796
4.48916
4.48916
6.50155
3.40557
4.95356
4.79876
4.17957
2.63158
4.79876
2.63158
2.78638
3.25077
3.71517
5.88236
5.72756
0
0
0
0
0
0
0
0
0
0
0
0
0
0
0
0
0
0
0
0
0
0
0
0
0
0
0
0
0
0
0
0
0
0
0
0
0
0
0
0
0
0
0
0
0
0
0
0
0
0
0
0
0
0
0
0
0
0
0
0
0
0
0
0
0
0
0
0
0
0
0
0
0
0
0
0
0
0
0
0
0
0
0
0
0
0
0
0
0
0
0
0
0
0
0
0
0
0
0
0
0
0
0
0
0
0
0
0
47.9136
52.0867
0
0
0
0
0
0
0
0
0
0
0
0
0
0
0
0
0
0
0
0
0
0
0
0
0
0
0
0
0
0
0
0
0
0
0
0
0
0
0
0
0
0
0
0
0
0
0
0
0
0
0
0
0
0
0
0
0
0
0
0
0
0
0
0.117465
0.0216383
0
0
0.0865533
0.724884
0
0
0
0.0015456
0.00309119
0.00772798
0.015456
0.00927357
0.00618238
0
0
0
0
0
0
0
0
0
0
0
0
0
0
0
0
0
0
0.00618238
0
0
0
0
0
0
0
0
0.00618238
0.00463679
0.00618238
0.0108192
0.00463679
0.00463679
0.0015456
0.00309119
0.0015456
0.0123648
0.0231839
0.0278207
0.0834621
0.0417311
0.0757342
0.239567
0.199382
0.137558
0.072643
0.0200927
0.015456
0.00463679
0.00309119
0
0
0
0
0
0
0
0
0
0
0
0
0
0
0.0788253
0.510046
0.242658
0.0262751
0.00309119
0
0.00309119
0.00309119
0.0216383
0.049459
0.0370943
0.0185471
0.00618238
0
0
0
0
0
0
0
0
