1.7744
1.14068
0.887199
1.26743
0.760456
0.760456
0.887199
0.760456
0.380228
0.887199
0.506971
1.64766
0.887199
1.90114
2.78834
2.6616
6.08365
8.49176
7.47782
5.57668
6.33714
7.47782
6.21039
5.57668
4.05577
2.6616
0.633714
0.506971
0.253485
0.380228
0.506971
0.380228
0.253485
0.253485
0.253485
0.253485
0.760456
1.01394
1.26743
1.01394
1.7744
1.90114
3.16857
3.04182
2.6616
0.380228
0.126743
0.126743
0.380228
0.506971
0.633714
0.633714
0.380228
0.380228
0.506971
0.126743
0.380228
0.126743
0.380228
0.126743
1.7744
8.61851
10.6464
6.59062
7.09759
5.83016
7.98479
5.19645
4.43599
5.06971
4.56274
6.59062
7.09759
7.47782
2.91508
0.253485
0
0
0
0
0.253485
0.253485
0.253485
0.253485
0.253485
0.253485
0.126743
0.506971
0
0.633714
0
0
0
0
0
0
0
0
0
0
0
0
0
0
0
0
0.380228
0
0.760456
2.02788
1.64766
1.01394
0.633714
2.40811
4.94297
6.21039
7.60456
6.71736
7.09759
5.83016
6.08365
5.57668
5.32319
5.19645
4.30925
4.05577
4.18251
3.04182
3.67554
2.40811
2.40811
1.90114
2.02788
1.39417
1.26743
0
0
0
0
0
0
0
0
0
0
0
0
0
0
0
0
0
0
0
0
0
0
0
0
0
0
0
0
0
0
0
0
0
0
0
0
0
0
0
0
0
0
0
0
0
0
0
0
0
0
0
0
0
0
0
0
0
0
0
0
0
0
0
0
0
0
0
0
0
0
0
0
0
0
0
0
0
0
0
0
0
0
0
0
0
0
0
0
0
0
0
0
0
0
0
0
0
0
0
0
0
0
0
0
0
0
0
0
46.5825
53.418
0
0
0
0
0
0
0
0
0
0
0
0
0
0
0
0
0
0
0
0
0
0
0
0
0
0
0
0
0
0
0
0
0
0
0
0
0
0
0
0
0
0
0
0
0
0
0
0
0
0
0
0
0
0
0
0
0
0
0
0
0
0
0
0.137975
0.0202532
0
0.00126582
0.0151899
0.696203
0.00126582
0.00253165
0.00379747
0.00379747
0.00506329
0.0278481
0.0632911
0.0101266
0.00379747
0.00253165
0
0
0
0.00126582
0.00253165
0
0
0
0
0
0
0
0
0
0
0
0
0.00126582
0
0
0
0
0
0
0
0
0
0
0.00126582
0.00632911
0.00379747
0.00886076
0.00632911
0.0126582
0.0151899
0.0202532
0.0379747
0.0544304
0.0582278
0.144304
0.148101
0.2
0.151899
0.0696203
0.0341772
0.0101266
0.0101266
0.00379747
0
0.00253165
0
0
0
0
0
0
0
0
0
0
0
0
0
0.0392405
0.553165
0.158228
0.0443038
0.0468354
0.0189873
0.0316456
0.0556962
0.0139241
0.0177215
0.00886076
0.00759494
0.00379747
0
0
0
0
0
0
0
0
