0.408998
0.613497
0.204499
1.43149
1.22699
0.204499
0.408998
0
0
0
0.204499
0
0
1.84049
9.20245
11.4519
7.97546
6.95296
6.95296
8.17996
7.97546
5.11247
5.31697
2.86299
5.31697
4.90797
1.84049
1.22699
2.24949
0.204499
0.408998
0.204499
0
0
0
0
0
0
0
0.408998
1.02249
0.613497
1.22699
0.817996
1.22699
0
0.204499
0
0.408998
0.817996
0.817996
0.613497
0.408998
0.408998
0.408998
0.613497
0.613497
3.06748
2.65849
4.29448
4.08998
5.31697
5.52147
5.72597
3.06748
3.47648
4.08998
5.52147
2.45399
3.47648
4.49898
5.52147
4.70348
5.11247
6.54396
4.49898
4.90797
3.27198
0.817996
0.408998
0.408998
0
0.204499
0.204499
0.408998
0
0.204499
0.204499
0.204499
0
0
0
0
0
0
0
0
0
0
0
0
0.817996
0.204499
0.204499
0.204499
1.84049
1.22699
1.84049
1.63599
0.817996
0.204499
0.613497
0.204499
0.817996
2.04499
0.817996
2.04499
2.04499
3.88548
7.36196
4.49898
4.70348
5.72597
7.97546
5.31697
6.33947
6.33947
5.93047
5.31697
3.47648
3.06748
2.24949
3.06748
4.70348
2.65849
0
0
0
0
0
0
0
0
0
0
0
0
0
0
0
0
0
0
0
0
0
0
0
0
0
0
0
0
0
0
0
0
0
0
0
0
0
0
0
0
0
0
0
0
0
0
0
0
0
0
0
0
0
0
0
0
0
0
0
0
0
0
0
0
0
0
0
0
0
0
0
0
0
0
0
0
0
0
0
0
0
0
0
0
0
0
0
0
0
0
0
0
0
0
0
0
0
0
0
0
0
0
0
0
0
0
0
0
23.8776
76.1225
0
0
0
0
0
0
0
0
0
0
0
0
0
0
0
0
0
0
0
0
0
0
0
0
0
0
0
0
0
0
0
0
0
0
0
0
0
0
0
0
0
0
0
0
0
0
0
0
0
0
0
0
0
0
0
0
0
0
0
0
0
0
0
0.446939
0.0428571
0
0
0
0
0
0.00612245
0.00612245
0
0.0102041
0.0469388
0.273469
0.0693878
0.0122449
0.00408163
0
0
0
0.00204082
0
0
0
0
0
0
0
0
0
0
0
0
0.0163265
0.0632653
0
0
0
0
0
0
0
0
0
0
0.00408163
0.00204082
0.0122449
0.00612245
0.0142857
0.00204082
0.0142857
0.0244898
0.0183673
0.0408163
0.0857143
0.108163
0.0795918
0.0795918
0.120408
0.179592
0.132653
0.0591837
0.0122449
0
0
0.00408163
0
0
0
0
0
0
0
0
0
0
0
0
0
0.0142857
0.0204082
0.0306122
0.0408163
0.0938776
0.146939
0.0877551
0.0571429
0.128571
0.204082
0.128571
0.0346939
0.00816326
0
0.00408163
0
0
0
0
0
0
