0.684932
0.342466
0.342466
0.342466
0
0.684932
0
0
0
0
0
0.342466
1.0274
4.10959
6.50685
11.6438
11.9863
5.47945
9.58904
6.16438
6.84932
6.16438
4.79452
5.13699
3.76712
3.08219
2.73973
3.42466
1.0274
0
0
0
0
0
0
0
0
0
0.684932
0.342466
0.342466
1.0274
0.342466
1.0274
0.342466
0
0
0
0
0
0.342466
0
0
0.684932
0.342466
1.71233
2.05479
3.76712
2.05479
5.47945
4.10959
6.50685
4.79452
4.10959
5.13699
4.79452
4.10959
4.10959
2.73973
3.76712
3.76712
6.16438
4.79452
2.73973
4.79452
3.76712
6.84932
1.36986
3.08219
1.36986
0.342466
0
0.342466
0
0
0.342466
0
0
0
0
0
0
0
0
0
0
0
0
0
0
0.342466
1.0274
1.0274
0
0.342466
2.05479
0.684932
0.684932
0
1.0274
0.342466
0.684932
0
0.342466
1.0274
1.71233
1.71233
0.342466
0.684932
4.45206
4.45206
5.47945
6.50685
4.45206
3.76712
6.16438
4.10959
7.19178
6.84932
6.50685
6.84932
6.84932
4.79452
5.13699
2.73973
0
0
0
0
0
0
0
0
0
0
0
0
0
0
0
0
0
0
0
0
0
0
0
0
0
0
0
0
0
0
0
0
0
0
0
0
0
0
0
0
0
0
0
0
0
0
0
0
0
0
0
0
0
0
0
0
0
0
0
0
0
0
0
0
0
0
0
0
0
0
0
0
0
0
0
0
0
0
0
0
0
0
0
0
0
0
0
0
0
0
0
0
0
0
0
0
0
0
0
0
0
0
0
0
0
0
0
0
72.6962
27.3038
0
0
0
0
0
0
0
0
0
0
0
0
0
0
0
0
0
0
0
0
0
0
0
0
0
0
0
0
0
0
0
0
0
0
0
0
0
0
0
0
0
0
0
0
0
0
0
0
0
0
0
0
0
0
0
0
0
0
0
0
0
0
0
0
0
0
0
0
0
0
0
0
0
0
0.116041
0.709898
0.12628
0.0375427
0
0
0
0
0
0.0102389
0
0
0
0
0
0
0
0
0
0
0
0
0
0
0
0
0
0
0
0
0
0
0.00682594
0.00341297
0.00341297
0.0136519
0.0102389
0.0102389
0.00682594
0.0273038
0.0204778
0.0273038
0.0750853
0.167235
0.215017
0.150171
0.0853242
0.0614334
0.0341297
0.0409556
0.00682594
0.0136519
0.0136519
0.00682594
0
0
0
0
0
0
0
0
0
0
0
0
0
0
0.0273038
0.0307167
0.0307167
0.122867
0.225256
0.177474
0.194539
0.0784983
0.0614334
0.0170648
0.0204778
0.00682594
0
0.00682594
0
0
0
0
0
0
0
