0.787402
0.19685
0.393701
0.590551
0.590551
0
0.984252
0.590551
0
0
0
0.19685
0.19685
4.52756
8.66142
7.87401
10.4331
7.28346
6.29921
6.88976
5.11811
5.51181
4.52756
4.72441
3.74016
3.14961
2.75591
2.55906
0.787402
0.393701
0.984252
0.19685
0
0
0
0
0.590551
0.787402
1.1811
1.1811
0.984252
0.787402
0.393701
1.9685
1.37795
0
0.393701
0.590551
0.984252
0.984252
0.393701
0
0.787402
0.393701
0.393701
0.393701
0.590551
0.393701
0.787402
5.90551
5.90551
7.08661
5.31496
6.29921
3.93701
3.34646
3.54331
3.34646
4.33071
4.33071
4.52756
5.51181
3.93701
4.52756
6.49606
6.10236
3.74016
0.393701
1.1811
0.787402
0
0.19685
0.19685
0.590551
0.393701
0.984252
0
0
0
0.19685
0
0
0
0
0
0
0
0
0
0
0
0
0
0.984252
0.590551
2.16535
1.5748
0.393701
0.590551
0.393701
0.590551
0
0.19685
0.984252
2.16535
2.16535
2.75591
3.14961
5.11811
8.07086
5.51181
4.52756
5.70866
4.72441
5.51181
5.70866
5.11811
7.87401
5.51181
5.90551
2.75591
2.95276
3.34646
1.77165
1.37795
0
0
0
0
0
0
0
0
0
0
0
0
0
0
0
0
0
0
0
0
0
0
0
0
0
0
0
0
0
0
0
0
0
0
0
0
0
0
0
0
0
0
0
0
0
0
0
0
0
0
0
0
0
0
0
0
0
0
0
0
0
0
0
0
0
0
0
0
0
0
0
0
0
0
0
0
0
0
0
0
0
0
0
0
0
0
0
0
0
0
0
0
0
0
0
0
0
0
0
0
0
0
0
0
0
0
0
0
29.4696
70.5307
0
0
0
0
0
0
0
0
0
0
0
0
0
0
0
0
0
0
0
0
0
0
0
0
0
0
0
0
0
0
0
0
0
0
0
0
0
0
0
0
0
0
0
0
0
0
0
0
0
0
0
0
0
0
0
0
0
0
0
0
0
0
0
0.463654
0.0235756
0
0
0
0.00196464
0
0.00392927
0.00196464
0.00392927
0.0137525
0.0687623
0.235756
0.0667976
0.0412574
0.00392927
0
0
0
0.00196464
0
0
0
0
0
0
0
0
0
0
0
0
0.0176817
0.0510806
0
0
0
0
0
0
0
0
0
0
0.00196464
0.00785855
0.0157171
0.0196464
0.0176817
0.0294695
0.0235756
0.0412574
0.0392927
0.0766208
0.0569745
0.0982318
0.151277
0.0550098
0.11002
0.141454
0.0844794
0.0137525
0.00589391
0.00196464
0.00392927
0
0.00392927
0
0
0
0
0
0
0
0
0
0
0
0
0.0471513
0.0275049
0.0530452
0.0667976
0.0962672
0.100196
0.121807
0.127701
0.086444
0.133595
0.102161
0.0255403
0.00392927
0.00392927
0.00196464
0.00196464
0
0
0
0
0
