0
0.638978
0
0
0
0
0.638978
0.319489
0.319489
0
0
0.958466
1.59744
3.51438
5.43131
12.1406
10.2236
11.1821
7.98722
7.66773
5.11182
2.55591
3.19489
4.47284
3.51438
4.79233
2.55591
1.27796
0.958466
1.27796
0.958466
0
0.319489
0
0
0
0
0
0.319489
1.27796
0.638978
1.27796
0.958466
1.91693
0.319489
0
0
0.319489
0
0
0
0.638978
0
0
0
0
0.319489
2.23642
2.55591
4.47284
5.11182
5.43131
3.83387
4.15335
4.79233
6.70927
7.02876
5.43131
5.43131
5.11182
5.43131
4.15335
6.70927
4.47284
4.79233
5.43131
2.8754
2.23642
0
0
0
0
0.319489
0
0.319489
0
0
0
0
0
0
0
0
0
0
0
0
0
0
0
0
0.319489
0.319489
0.638978
1.27796
0.319489
0
0.638978
0.319489
0.319489
0.958466
0.319489
0
0
1.27796
1.27796
2.23642
1.27796
0.958466
4.47284
4.47284
5.7508
5.7508
5.11182
7.34824
7.34824
5.7508
5.43131
5.7508
5.11182
5.43131
4.79233
6.70927
5.11182
3.51438
0
0
0
0
0
0
0
0
0
0
0
0
0
0
0
0
0
0
0
0
0
0
0
0
0
0
0
0
0
0
0
0
0
0
0
0
0
0
0
0
0
0
0
0
0
0
0
0
0
0
0
0
0
0
0
0
0
0
0
0
0
0
0
0
0
0
0
0
0
0
0
0
0
0
0
0
0
0
0
0
0
0
0
0
0
0
0
0
0
0
0
0
0
0
0
0
0
0
0
0
0
0
0
0
0
0
0
0
11.465
88.5351
0
0
0
0
0
0
0
0
0
0
0
0
0
0
0
0
0
0
0
0
0
0
0
0
0
0
0
0
0
0
0
0
0
0
0
0
0
0
0
0
0
0
0
0
0
0
0
0
0
0
0
0
0
0
0
0
0
0
0
0
0
0
0
0
0
0
0
0
0
0
0
0
0
0
0.0254777
0.687898
0.248408
0.0191083
0
0
0
0
0.00955414
0.00955414
0
0
0
0
0
0
0
0
0
0
0
0
0
0
0
0
0
0
0
0
0
0.00318471
0.00318471
0.00955414
0.0127389
0.00955414
0.022293
0.0318471
0.0509554
0.0605096
0.0509554
0.0605096
0.0923567
0.0573248
0.117834
0.136943
0.127389
0.0382166
0.0350318
0.0350318
0.0159236
0.0127389
0.00955414
0
0.00636943
0
0
0
0
0
0
0
0
0
0
0
0
0
0.0350318
0.0859873
0.124204
0.149682
0.0828025
0.149682
0.229299
0.0477707
0.0477707
0.0191083
0.0127389
0.00955414
0
0.00636943
0
0
0
0
0
0
0
