1.943
0.388601
0.906736
0.388601
1.1658
0.259067
0.259067
0.259067
1.42487
1.29534
6.73575
3.36788
1.29534
1.5544
0.647668
2.72021
2.20207
4.27461
5.82902
5.18135
7.38342
6.34715
5.95855
3.75648
3.10881
4.01554
3.49741
2.46114
0.777202
0.518135
0.777202
0.647668
0.518135
0.906736
0.259067
0.259067
0.388601
0.777202
0.906736
1.943
1.81347
2.72021
2.72021
3.88601
1.68394
1.42487
0.129534
0
0.259067
0.388601
0.518135
0.129534
0.259067
0.647668
0.129534
0
0.259067
0
0
0
0.388601
2.20207
9.9741
8.93783
6.08809
7.25389
7.51296
4.66321
6.47669
8.16063
8.54923
9.32643
11.658
2.46114
0
0
0
0.388601
0
0.129534
0
0
0.129534
0.259067
0
0
0.647668
0.129534
0.388601
0.259067
0
0
0
0
0
0
0
0
0
0
0
0
0
0
0
0
0
0.259067
1.29534
1.68394
0.259067
0.518135
0.259067
2.07254
4.27461
4.92228
3.75648
6.08809
6.60622
6.34715
5.18135
5.44042
6.08809
5.95855
5.82902
3.62694
4.27461
2.84974
3.36788
3.62694
3.23834
3.10881
2.46114
4.01554
2.72021
0
0
0
0
0
0
0
0
0
0
0
0
0
0
0
0
0
0
0
0
0
0
0
0
0
0
0
0
0
0
0
0
0
0
0
0
0
0
0
0
0
0
0
0
0
0
0
0
0
0
0
0
0
0
0
0
0
0
0
0
0
0
0
0
0
0
0
0
0
0
0
0
0
0
0
0
0
0
0
0
0
0
0
0
0
0
0
0
0
0
0
0
0
0
0
0
0
0
0
0
0
0
0
0
0
0
0
0
64.9422
35.0582
0
0
0
0
0
0
0
0
0
0
0
0
0
0
0
0
0
0
0
0
0
0
0
0
0
0
0
0
0
0
0
0
0
0
0
0
0
0
0
0
0
0
0
0
0
0
0
0
0
0
0
0
0
0
0
0
0
0
0
0
0
0
0
0.155239
0.0245796
0
0
0.00905563
0.689521
0.00388098
0
0.00258732
0.00129366
0.00776197
0.0194049
0.0517464
0.0271669
0.00388098
0.00388098
0
0
0
0
0
0
0
0
0
0
0
0
0
0
0
0
0
0
0
0
0
0
0
0
0
0
0
0.00129366
0
0.00258732
0.00258732
0.00258732
0.00646831
0.00517464
0.0129366
0.0206986
0.0349288
0.0569211
0.0711514
0.13066
0.139715
0.241915
0.146184
0.0659767
0.0336352
0.00905563
0.00517464
0.00388098
0.00258732
0.00388098
0
0
0
0
0
0
0
0
0
0
0
0
0
0.0310479
0.554981
0.146184
0.0478655
0.0465718
0.0168176
0.0530401
0.0388098
0.0168176
0.0181113
0.0142303
0.00776197
0.00388098
0.00258732
0.00129366
0
0
0
0
0
0
