2.97619
2.38095
0.595238
0.992064
0.396825
0.198413
0
0
0
0.198413
0
0.396825
1.98413
2.18254
1.5873
7.34127
7.53969
9.3254
3.37302
4.56349
4.36508
3.96825
1.98413
4.36508
6.94445
5.55556
3.76984
2.57936
1.98413
2.57936
1.5873
0.992064
2.38095
0.793651
1.78571
0.198413
0.793651
0.198413
0.198413
0.198413
0.992064
0
1.98413
2.18254
1.78571
0
0.396825
0.396825
0.992064
0.198413
0.396825
0.198413
0.396825
0.992064
0
0.396825
0
0.198413
0.396825
3.1746
5.55556
9.52381
8.33334
8.92858
3.96825
4.36508
3.57143
4.16667
4.36508
2.77778
4.56349
8.33334
6.54762
5.75397
5.95238
1.78571
0.396825
0.198413
0.198413
0.198413
0.396825
0.198413
0
0.198413
0
0.396825
0.198413
0.396825
0.595238
0.198413
0
0
0
0
0
0
0
0
0
0
0
0
0
0
0
0
0
0.198413
0.595238
0.992064
0
0
0
1.38889
2.77778
3.57143
4.56349
10.9127
5.35714
4.96032
4.7619
6.94445
4.56349
3.57143
2.77778
4.96032
3.57143
3.76984
3.96825
2.97619
2.38095
2.18254
4.96032
6.34921
7.14286
0
0
0
0
0
0
0
0
0
0
0
0
0
0
0
0
0
0
0
0
0
0
0
0
0
0
0
0
0
0
0
0
0
0
0
0
0
0
0
0
0
0
0
0
0
0
0
0
0
0
0
0
0
0
0
0
0
0
0
0
0
0
0
0
0
0
0
0
0
0
0
0
0
0
0
0
0
0
0
0
0
0
0
0
0
0
0
0
0
0
0
0
0
0
0
0
0
0
0
0
0
0
0
0
0
0
0
0
68.317
31.6831
0
0
0
0
0
0
0
0
0
0
0
0
0
0
0
0
0
0
0
0
0
0
0
0
0
0
0
0
0
0
0
0
0
0
0
0
0
0
0
0
0
0
0
0
0
0
0
0
0
0
0
0
0
0
0
0
0
0
0
0
0
0
0
0.0118812
0.00594059
0
0
0.00792079
0.966337
0
0
0
0.0019802
0
0.0019802
0.0039604
0
0
0
0
0
0
0
0
0
0
0
0
0
0
0
0
0
0
0
0
0
0
0
0
0
0
0
0
0
0
0.0019802
0.0019802
0
0.0019802
0
0.0019802
0
0.0039604
0.0178218
0.019802
0.0178218
0.0475248
0.114851
0.110891
0.29703
0.219802
0.0930693
0.0435644
0.00594059
0
0
0
0
0
0
0
0
0
0
0
0
0
0
0
0
0
0.049505
0.726733
0.20396
0.0039604
0
0.00792079
0
0.0039604
0.0019802
0.0019802
0
0
0
0
0
0
0
0
0
0
0
