2.00267
0.801068
0.267023
1.60214
1.86916
2.13618
1.86916
1.86916
2.00267
2.4032
2.26969
1.46862
1.06809
1.33511
3.60481
4.13885
3.87183
4.13885
4.27236
4.00534
3.47129
3.73832
2.93725
3.07076
3.33778
5.60748
2.4032
1.33511
1.33511
1.46862
2.00267
1.46862
1.60214
1.2016
2.26969
1.33511
2.4032
1.73565
1.06809
1.2016
1.73565
1.86916
1.2016
1.46862
1.86916
0.534045
0.133511
0.267023
0.133511
0.400534
0.133511
0.267023
0.133511
0
0.133511
0.133511
0
0.133511
0.133511
0.267023
0.267023
0
0
5.47397
17.223
15.7544
8.27771
11.482
9.21229
7.20962
13.3511
7.20962
0
0
0
0.400534
0.133511
0
0
0
0
0.267023
0
0.267023
0
0
0
0.133511
0.133511
0.534045
0
0
0
0
0
0
0
0
0
0
0
0
0
0
0
0
0
0
0
1.2016
1.06809
0.267023
0.534045
3.07076
3.20427
4.00534
6.94259
3.73832
6.00801
4.80641
5.34046
3.87183
4.6729
2.00267
3.47129
2.26969
2.67023
3.47129
3.20427
5.34046
5.47397
5.74099
4.6729
6.40855
6.67557
0
0
0
0
0
0
0
0
0
0
0
0
0
0
0
0
0
0
0
0
0
0
0
0
0
0
0
0
0
0
0
0
0
0
0
0
0
0
0
0
0
0
0
0
0
0
0
0
0
0
0
0
0
0
0
0
0
0
0
0
0
0
0
0
0
0
0
0
0
0
0
0
0
0
0
0
0
0
0
0
0
0
0
0
0
0
0
0
0
0
0
0
0
0
0
0
0
0
0
0
0
0
0
0
0
0
0
0
51.0669
48.9335
0
0
0
0
0
0
0
0
0
0
0
0
0
0
0
0
0
0
0
0
0
0
0
0
0
0
0
0
0
0
0
0
0
0
0
0
0
0
0
0
0
0
0
0
0
0
0
0
0
0
0
0
0
0
0
0
0
0
0
0
0
0
0
0.0813333
0.0386667
0
0
0.00133333
0.394667
0.0133333
0.008
0.00933333
0.0106667
0.084
0.153333
0.194667
0.00666667
0
0
0
0
0
0
0
0
0
0
0
0
0
0
0
0
0
0
0
0.004
0
0
0
0
0
0
0
0
0.00266667
0.00133333
0.00133333
0.00133333
0.004
0.004
0.004
0.00533333
0.00933333
0.016
0.024
0.0466667
0.088
0.156
0.152
0.16
0.0973333
0.0586667
0.0426667
0.0453333
0.044
0.024
0.00533333
0.00533333
0.00133333
0
0
0
0
0
0
0
0
0
0
0
0
0.0226667
0.330667
0.0866667
0.0133333
0.024
0.084
0.177333
0.0933333
0.0293333
0.0293333
0.0666667
0.0333333
0.00533333
0.00133333
0.00266667
0
0
0
0
0
0
