2.30931
1.46956
0.419874
0.489853
0.839748
0.979706
0.769769
0.769769
0.979706
1.25962
1.39958
1.60952
1.81945
2.51924
2.23933
1.88943
1.53954
2.58922
3.91882
4.3387
5.6683
7.3478
7.90764
4.75857
2.23933
0.209937
0.069979
0.349895
0.349895
0.279916
0.349895
0.349895
0.419874
0.839748
0.629811
0.279916
0.839748
0.979706
1.25962
1.95941
3.42897
5.80826
6.85795
8.53745
4.19874
0
0
0.069979
0
0.069979
0
0
0
0
0
0
0.069979
0
0
0
0.069979
0.069979
0.069979
0
0.139958
0.209937
14.7656
59.6926
24.2127
0.069979
0.349895
0.069979
0
0.069979
0
0
0
0
0
0
0
0
0
0
0
0
0
0
0.069979
0
0
0
0
0
0
0
0
0
0
0
0
0
0
0
0
0
0
0
0
0
0
0
6.0182
9.30721
8.6774
7.06789
6.64801
7.06789
6.08818
5.45836
4.61861
3.70889
2.79916
2.93912
3.14905
3.35899
2.30931
2.6592
2.02939
1.95941
2.44926
2.30931
2.23933
3.21903
3.9888
0
0
0
0
0
0
0
0
0
0
0
0
0
0
0
0
0
0
0
0
0
0
0
0
0
0
0
0
0
0
0
0
0
0
0
0
0
0
0
0
0
0
0
0
0
0
0
0
0
0
0
0
0
0
0
0
0
0
0
0
0
0
0
0
0
0
0
0
0
0
0
0
0
0
0
0
0
0
0
0
0
0
0
0
0
0
0
0
0
0
0
0
0
0
0
0
0
0
0
0
0
0
0
0
0
0
0
0
46.3636
53.6364
0
0
0
0
0
0
0
0
0
0
0
0
0
0
0
0
0
0
0
0
0
0
0
0
0
0
0
0
0
0
0
0
0
0
0
0
0
0
0
0
0
0
0
0
0
0
0
0
0
0
0
0
0
0
0
0
0
0
0
0
0
0
0
0.14965
0.027972
0
0
0.0020979
0.258042
0.0034965
0.00629371
0.00489511
0.00489511
0.00489511
0.0307692
0.142657
0.0202797
0.00839161
0
0
0
0.0013986
0.312587
0.0195804
0
0
0
0
0
0
0
0
0
0
0
0.0013986
0.000699301
0
0
0
0
0
0
0
0
0
0
0.0013986
0.00489511
0.0041958
0.00909091
0.00839161
0.00629371
0.00559441
0.0230769
0.034965
0.0342657
0.0769231
0.0993007
0.138462
0.10979
0.0559441
0.020979
0.0272727
0.0153846
0.0125874
0.0377622
0.140559
0.123077
0.00979021
0
0
0
0
0
0
0
0
0
0
0
0
0.0258741
0.226573
0.058042
0.0286713
0.0937063
0.0769231
0.0342657
0.10979
0.223077
0.0895105
0.0237762
0.00839161
0.0013986
0
0
0
0
0
0
0
0
