2.31293
3.67347
1.76871
0.952381
0.272109
0.408163
0.272109
0.136054
0.272109
0.408163
0.544218
1.63265
2.85714
1.63265
1.76871
5.17007
8.02721
4.62585
5.9864
6.80272
5.30612
5.30612
4.76191
5.30612
4.89796
2.04082
1.76871
0.952381
0.544218
0.408163
0.408163
0
0.544218
1.63265
1.08844
1.08844
0.816326
1.08844
0.816326
1.22449
1.36054
2.44898
3.53742
1.36054
1.90476
0
0.136054
0.272109
0.136054
0.408163
0.136054
0.136054
0
0.272109
0.136054
0.136054
0.408163
0.408163
0.136054
0.408163
0.272109
0.408163
7.483
11.4286
7.483
11.7007
10.2041
6.80272
9.38775
8.29932
7.07483
9.65986
3.53742
0.544218
0.544218
0.272109
0.136054
0.136054
0.680272
0
0.136054
0.272109
0.136054
0
0.408163
0
0
0
0
0
0
0
0
0
0
0
0
0
0
0
0
0
0
0
0
0
0
0
0.408163
1.4966
2.58503
0.680272
0.136054
2.04082
5.85034
7.89116
6.53061
4.21769
5.44218
4.76191
5.03402
3.80952
5.30612
4.21769
3.67347
4.4898
4.62585
3.40136
3.40136
3.53742
3.40136
4.62585
2.9932
2.44898
3.12925
0
0
0
0
0
0
0
0
0
0
0
0
0
0
0
0
0
0
0
0
0
0
0
0
0
0
0
0
0
0
0
0
0
0
0
0
0
0
0
0
0
0
0
0
0
0
0
0
0
0
0
0
0
0
0
0
0
0
0
0
0
0
0
0
0
0
0
0
0
0
0
0
0
0
0
0
0
0
0
0
0
0
0
0
0
0
0
0
0
0
0
0
0
0
0
0
0
0
0
0
0
0
0
0
0
0
0
0
28.5327
71.4672
0
0
0
0
0
0
0
0
0
0
0
0
0
0
0
0
0
0
0
0
0
0
0
0
0
0
0
0
0
0
0
0
0
0
0
0
0
0
0
0
0
0
0
0
0
0
0
0
0
0
0
0
0
0
0
0
0
0
0
0
0
0
0
0.149457
0.017663
0
0
0.0720109
0.642663
0.00407609
0.00271739
0.00543478
0.00271739
0.00815217
0.00679348
0.0271739
0.0244565
0.00951087
0.00407609
0
0
0
0.0013587
0
0
0.0013587
0
0
0
0
0
0
0
0
0
0.00271739
0.017663
0
0
0
0
0
0
0
0
0
0.00271739
0.0013587
0.00543478
0.0013587
0.0108696
0.0271739
0.0394022
0.03125
0.0366848
0.0502717
0.0516304
0.0475543
0.044837
0.0625
0.192935
0.182065
0.0923913
0.0692935
0.0326087
0.0108696
0.00271739
0.0013587
0.00271739
0
0
0
0
0
0
0
0
0
0
0
0
0
0.0869565
0.474185
0.225543
0.0597826
0.0190217
0.0108696
0.00271739
0.0013587
0.0108696
0.0380435
0.048913
0.0190217
0.00271739
0
0
0
0
0
0
0
0
