0.482094
1.10193
1.10193
1.10193
1.79063
2.06612
2.3416
4.6832
7.16254
7.23141
5.02755
2.61708
2.89256
2.82369
2.20386
1.65289
0.550964
0.964187
2.47934
1.58402
1.99725
0.964187
1.10193
1.92838
0.757576
1.03306
1.8595
2.54821
3.0303
4.06336
5.23416
5.02755
2.13499
3.0303
4.33884
1.51515
0.964187
1.10193
0.826446
0.826446
0.826446
0.619835
0.757576
0.826446
0.895317
1.03306
0.826446
0.275482
0
0.0688705
0.206612
0
0.0688705
0.206612
0.0688705
0.137741
0.0688705
0
0.206612
0.206612
0.275482
0.137741
0.0688705
0.0688705
0.275482
0.0688705
26.7218
42.1488
22.2452
0.0688705
0.206612
0
0.0688705
0.0688705
0
0.137741
0.0688705
0.0688705
0.137741
0
0.137741
0.344353
0
0.344353
0.550964
0.0688705
0.206612
0.413223
0.757576
1.03306
0
0
0
0
0
0
0
0
0
0
0
0
0
0
0
0
0
0
0
0
0
4.2011
0.826446
8.40221
9.573
6.19835
8.19559
6.06061
6.68044
5.02755
5.16529
3.58127
3.65014
3.37466
2.82369
2.75482
1.92838
1.99725
1.65289
2.41047
2.27273
2.82369
2.61708
2.47934
5.3719
0
0
0
0
0
0
0
0
0
0
0
0
0
0
0
0
0
0
0
0
0
0
0
0
0
0
0
0
0
0
0
0
0
0
0
0
0
0
0
0
0
0
0
0
0
0
0
0
0
0
0
0
0
0
0
0
0
0
0
0
0
0
0
0
0
0
0
0
0
0
0
0
0
0
0
0
0
0
0
0
0
0
0
0
0
0
0
0
0
0
0
0
0
0
0
0
0
0
0
0
0
0
0
0
0
0
0
0
47.5571
52.4436
0
0
0
0
0
0
0
0
0
0
0
0
0
0
0
0
0
0
0
0
0
0
0
0
0
0
0
0
0
0
0
0
0
0
0
0
0
0
0
0
0
0
0
0
0
0
0
0
0
0
0
0
0
0
0
0
0
0
0
0
0
0
0
0.130764
0.0206469
0
0
0.0240881
0.207158
0.00412939
0.00550585
0.00757054
0.00619408
0.0144529
0.0254646
0.144529
0.0309704
0.00550585
0.00275293
0.000688231
0
0.00619408
0.33861
0.0227116
0
0
0
0
0
0
0
0
0
0
0
0
0.00206469
0
0
0
0
0
0
0
0
0.000688231
0.000688231
0.00550585
0.00550585
0.0144529
0.00894701
0.0116999
0.0158293
0.0172058
0.0254646
0.0419821
0.0688231
0.0984171
0.101858
0.0619408
0.0791466
0.0488644
0.0213352
0.0206469
0.0137646
0.0213352
0.0708878
0.132829
0.103235
0.00894701
0
0
0
0
0
0
0
0
0
0
0
0
0.0309704
0.198899
0.0736407
0.0846524
0.106676
0.0282175
0.0695114
0.13214
0.161734
0.0867171
0.0206469
0.00550585
0.000688231
0
0
0
0
0
0
0
0
