1.85811
1.35135
1.01351
0.337838
0.675676
0.760135
0.844595
1.26689
1.68919
2.53378
4.39189
2.53378
2.11149
1.43581
1.68919
1.09797
1.94257
2.53378
2.36487
2.95608
5.57432
5.74324
6.41892
5.23649
4.39189
2.78716
1.43581
0.337838
0.168919
0.506757
0.168919
0.675676
0.844595
0.422297
0.506757
0.675676
1.09797
1.60473
2.19595
3.04054
6.75675
6.25
4.13851
1.60473
2.11149
0.253378
0
0
0
0
0
0.0844595
0
0
0.0844595
0
0.337838
0
0
0.168919
0
0.0844595
0.0844595
0
0.168919
19.2567
18.2432
25.0844
19.7635
13.9358
0.253378
0.168919
0.253378
0.506757
0.0844595
0.168919
0.253378
0
0
0
0
0.168919
0
0.0844595
0
0.0844595
0.0844595
0
0
0.422297
0
0
0
0
0
0
0
0
0
0
0
0
0
0
0
0
0
0
0
0
0.0844595
2.44932
1.52027
7.09459
6.92567
7.68581
5.4054
6.41892
5.57432
6.50338
6.75675
6.16554
5.32095
4.47635
2.7027
2.95608
2.53378
2.28041
2.36487
1.60473
2.36487
2.02703
2.36487
3.5473
2.95608
0
0
0
0
0
0
0
0
0
0
0
0
0
0
0
0
0
0
0
0
0
0
0
0
0
0
0
0
0
0
0
0
0
0
0
0
0
0
0
0
0
0
0
0
0
0
0
0
0
0
0
0
0
0
0
0
0
0
0
0
0
0
0
0
0
0
0
0
0
0
0
0
0
0
0
0
0
0
0
0
0
0
0
0
0
0
0
0
0
0
0
0
0
0
0
0
0
0
0
0
0
0
0
0
0
0
0
0
59.2408
40.7596
0
0
0
0
0
0
0
0
0
0
0
0
0
0
0
0
0
0
0
0
0
0
0
0
0
0
0
0
0
0
0
0
0
0
0
0
0
0
0
0
0
0
0
0
0
0
0
0
0
0
0
0
0
0
0
0
0
0
0
0
0
0
0
0.222785
0.021097
0
0
0.00506329
0.30211
0.00506329
0.00421941
0.00506329
0.00675105
0.0109705
0.0759494
0.296203
0.0303797
0.00506329
0.00253165
0
0
0
0
0.000843882
0
0
0
0
0
0
0
0
0
0
0
0
0.00590717
0
0
0
0
0
0
0
0
0.000843882
0.00253165
0.00253165
0.000843882
0.00506329
0.00675105
0.0109705
0.0092827
0.0244726
0.0101266
0.0261603
0.0548523
0.0953586
0.153586
0.172152
0.200844
0.0919831
0.043038
0.0362869
0.0362869
0.00759494
0.00421941
0.00253165
0.00168776
0
0
0
0
0
0
0
0
0
0
0
0
0
0.0253165
0.259916
0.0759494
0.049789
0.0936709
0.132489
0.0860759
0.126582
0.07173
0.0278481
0.0261603
0.0177215
0.00337553
0.00337553
0
0
0
0
0
0
0
