1.99336
0.996678
0.830565
0.166113
0.498339
0.498339
0.166113
0
0.166113
0.332226
0.498339
1.82724
1.66113
2.82392
5.98006
15.2824
6.64452
3.8206
5.81395
4.81727
3.8206
2.82392
4.31894
3.32226
3.48837
3.98671
4.15282
3.48837
1.49502
0.498339
0.166113
0.830565
1.16279
0.830565
0.166113
0.830565
0.166113
0.166113
0.664452
0.498339
0.332226
1.3289
1.66113
3.32226
1.82724
0
0
0
0
0
0
0.332226
0.332226
0.664452
0.332226
0.498339
0.332226
0
0.332226
2.99003
2.49169
4.15282
3.65448
6.4784
7.14286
7.30897
5.64784
6.97674
8.13953
7.14286
9.13621
6.97674
4.98339
4.81727
3.65448
3.98671
0.332226
0.166113
0.332226
0.166113
0.166113
0.166113
0.166113
0
0
0
0
0.166113
0
0
0
0
0
0
0
0
0
0
0
0
0
0
0
0
0.166113
0.996678
1.49502
0.996678
1.49502
0.664452
0
0.332226
0.166113
0
1.3289
1.82724
2.32558
2.65781
4.15282
4.81727
3.15615
5.31561
5.98006
6.14618
4.98339
5.1495
3.98671
6.81063
5.64784
4.48505
6.4784
6.97674
3.98671
3.48837
4.15282
0
0
0
0
0
0
0
0
0
0
0
0
0
0
0
0
0
0
0
0
0
0
0
0
0
0
0
0
0
0
0
0
0
0
0
0
0
0
0
0
0
0
0
0
0
0
0
0
0
0
0
0
0
0
0
0
0
0
0
0
0
0
0
0
0
0
0
0
0
0
0
0
0
0
0
0
0
0
0
0
0
0
0
0
0
0
0
0
0
0
0
0
0
0
0
0
0
0
0
0
0
0
0
0
0
0
0
0
51.0779
48.922
0
0
0
0
0
0
0
0
0
0
0
0
0
0
0
0
0
0
0
0
0
0
0
0
0
0
0
0
0
0
0
0
0
0
0
0
0
0
0
0
0
0
0
0
0
0
0
0
0
0
0
0
0
0
0
0
0
0
0
0
0
0
0
0.462687
0.0066335
0.00165837
0.00165837
0.00829187
0.323383
0.00331675
0.00165837
0.00331675
0
0.00497512
0.0182421
0.0215589
0.0464345
0.00995025
0.00829187
0
0
0
0
0.00165837
0
0
0
0
0
0
0
0
0
0
0
0.013267
0.0630182
0
0
0
0
0
0
0
0
0
0
0.00497512
0.00497512
0.00331675
0.00497512
0.0116086
0.013267
0.0447761
0.0563847
0.0862355
0.0746269
0.0547264
0.0514096
0.0613599
0.144279
0.147595
0.13267
0.0597015
0.0298507
0.00497512
0.00497512
0.00165837
0.00165837
0
0
0
0
0
0
0
0
0
0
0
0
0
0.0348259
0.252073
0.137645
0.0298507
0.0679934
0.0912106
0.0464345
0.0431177
0.0580431
0.119403
0.0829187
0.0315091
0.00497512
0
0
0
0
0
0
0
0
