1.43678
0.718391
1.86782
1.14943
0
0.718391
0.143678
0
0.143678
0.143678
0.143678
0.574713
1.86782
5.02874
7.9023
8.47701
7.9023
5.89081
5.17241
4.16667
3.16092
2.87356
2.01149
1.14943
3.01724
3.44828
3.59195
1.43678
2.58621
3.73563
2.29885
1.2931
1.2931
2.44253
0.143678
0.287356
0.431034
0.287356
2.29885
1.00575
1.00575
1.58046
1.14943
2.15517
2.01149
0
0
0
0
0.143678
0.287356
1.14943
0.431034
0.143678
0.287356
0
0.287356
0.718391
0.143678
0.287356
1.2931
8.90804
9.48275
8.18966
7.9023
5.60345
7.61494
6.75287
6.75287
6.03448
6.6092
4.31035
6.03448
6.75287
0.718391
0.287356
0
0
0
0.431034
0.287356
0.143678
0.143678
0.574713
0.287356
0.574713
0.143678
0.143678
0.287356
0
0
0
0
0
0
0
0
0
0
0
0
0
0
0
0
0
0
0.431034
0.574713
0.287356
0.143678
0.143678
0.287356
1.86782
3.01724
3.01724
2.58621
3.73563
6.6092
3.44828
4.31035
3.59195
3.44828
4.5977
5.60345
5.02874
4.45402
3.87931
4.02299
5.02874
5.74713
7.18391
7.9023
4.88506
4.31035
0
0
0
0
0
0
0
0
0
0
0
0
0
0
0
0
0
0
0
0
0
0
0
0
0
0
0
0
0
0
0
0
0
0
0
0
0
0
0
0
0
0
0
0
0
0
0
0
0
0
0
0
0
0
0
0
0
0
0
0
0
0
0
0
0
0
0
0
0
0
0
0
0
0
0
0
0
0
0
0
0
0
0
0
0
0
0
0
0
0
0
0
0
0
0
0
0
0
0
0
0
0
0
0
0
0
0
0
59.9711
40.0287
0
0
0
0
0
0
0
0
0
0
0
0
0
0
0
0
0
0
0
0
0
0
0
0
0
0
0
0
0
0
0
0
0
0
0
0
0
0
0
0
0
0
0
0
0
0
0
0
0
0
0
0
0
0
0
0
0
0
0
0
0
0
0
0.00430416
0
0
0
0.071736
0.414634
0.00860832
0.0114778
0.00573888
0.0071736
0.0143472
0.0903874
0.354376
0.0172166
0
0
0
0
0
0
0
0
0
0
0
0
0
0
0
0
0
0
0
0
0
0
0
0
0
0
0
0
0
0.00143472
0.00286944
0.00430416
0.00430416
0.00573888
0.010043
0.0071736
0.010043
0.0172166
0.0387374
0.0659971
0.0817791
0.136298
0.139168
0.210904
0.15208
0.0487805
0.0186514
0.0172166
0.0143472
0.00430416
0.00573888
0.00286944
0
0
0
0
0
0
0
0
0
0
0
0
0
0.0416069
0.30703
0.195122
0.025825
0.0774749
0.114778
0.119082
0.0545194
0.0172166
0.0172166
0.0114778
0.00286944
0.010043
0.00430416
0.00143472
0
0
0
0
0
0
