0.862069
0.538793
0.75431
0.431034
0.862069
0.75431
1.2931
1.18534
3.44827
2.69397
1.72414
2.26293
3.55603
3.01724
1.50862
1.8319
2.90948
2.80172
5.28017
5.7112
7.5431
7.65086
8.29741
4.84914
3.98707
3.66379
1.93966
0.969828
1.18534
0.862069
0.862069
0.75431
0.215517
0
0.538793
0.215517
1.2931
1.18534
0.431034
1.40086
2.26293
1.61638
1.72414
2.04741
1.18534
1.40086
0.862069
0.215517
0
0
0.107759
0.215517
0
0.107759
0.107759
0.323276
0.538793
0.323276
0.215517
0.431034
6.57327
5.38793
3.77155
5.60345
5.92672
5.92672
6.89655
5.60345
7.97413
6.46551
6.03448
5.81896
6.25
6.46551
6.46551
0.215517
0.431034
0.107759
0.107759
0
0.215517
0
0.431034
0.107759
0
0
0.431034
0.107759
1.07759
0.862069
0
0
0
0
0
0
0
0
0
0
0
0
0
0
0
0
0.107759
1.2931
2.04741
1.07759
0.75431
0.862069
0.969828
2.58621
3.55603
4.09483
4.31034
6.35776
4.52586
10.3448
5.28017
5.38793
5.81896
4.95689
3.77155
3.44827
2.80172
3.55603
3.87931
2.58621
3.34052
2.04741
3.77155
3.01724
3.55603
0
0
0
0
0
0
0
0
0
0
0
0
0
0
0
0
0
0
0
0
0
0
0
0
0
0
0
0
0
0
0
0
0
0
0
0
0
0
0
0
0
0
0
0
0
0
0
0
0
0
0
0
0
0
0
0
0
0
0
0
0
0
0
0
0
0
0
0
0
0
0
0
0
0
0
0
0
0
0
0
0
0
0
0
0
0
0
0
0
0
0
0
0
0
0
0
0
0
0
0
0
0
0
0
0
0
0
0
36.4909
63.5093
0
0
0
0
0
0
0
0
0
0
0
0
0
0
0
0
0
0
0
0
0
0
0
0
0
0
0
0
0
0
0
0
0
0
0
0
0
0
0
0
0
0
0
0
0
0
0
0
0
0
0
0
0
0
0
0
0
0
0
0
0
0
0
0.164693
0.0129171
0
0
0.00645856
0.391819
0.0107643
0.00107643
0.00645856
0.00753498
0.0129171
0.0333692
0.307858
0.0333692
0.0043057
0.00215285
0
0
0
0.00107643
0
0
0
0
0
0
0
0
0
0
0
0
0
0.00322928
0
0
0
0
0
0
0
0
0.00107643
0.00107643
0.0043057
0.00107643
0.0043057
0.00645856
0.0107643
0.0043057
0.0129171
0.0290635
0.0613563
0.088267
0.144241
0.13563
0.118407
0.16254
0.0839612
0.0495156
0.0333692
0.0258342
0.00968784
0.00538213
0.00322928
0.00322928
0
0
0
0
0
0
0
0
0
0
0
0
0
0.0613563
0.31324
0.0688913
0.0645856
0.0861141
0.115178
0.134553
0.0473628
0.0290635
0.0301399
0.0269107
0.0118407
0.00753498
0.00322928
0
0
0
0
0
0
0
