1.09562
1.19522
2.29084
2.68924
2.49004
3.38645
2.39044
1.69323
1.49402
1.89243
0.996016
1.39442
1.29482
0.896414
1.69323
2.49004
4.28287
3.78486
6.67331
3.48605
2.19124
2.29084
4.28287
5.27888
4.88048
3.68526
2.78884
1.09562
0.896414
0.498008
0.298805
1.09562
0.796813
1.59363
1.29482
1.29482
1.19522
0.398406
2.58964
2.29084
2.78884
3.08765
2.58964
2.39044
0.896414
0.199203
0
0.199203
0
0.298805
0.298805
0
0
0
0.0996016
0
0.199203
0.398406
0.0996016
0.298805
0.199203
0.298805
0.199203
0.298805
1.69323
24.4024
17.6295
17.6295
15.8367
13.6454
2.88845
0.796813
0.298805
0.0996016
0.498008
0.0996016
0.398406
0.0996016
0
0
0.0996016
0
0.0996016
0
0
0.199203
0.199203
0
0
0.398406
0
0
0
0
0
0
0
0
0
0
0
0
0
0
0
0
0
0
0
0
2.58964
1.89243
0.498008
4.78088
6.67331
4.78088
5.8765
5.8765
6.0757
6.47411
5.27888
6.47411
4.48207
2.39044
3.18725
3.28685
1.89243
2.19124
2.58964
2.98805
2.49004
2.39044
3.28685
4.88048
6.77291
0
0
0
0
0
0
0
0
0
0
0
0
0
0
0
0
0
0
0
0
0
0
0
0
0
0
0
0
0
0
0
0
0
0
0
0
0
0
0
0
0
0
0
0
0
0
0
0
0
0
0
0
0
0
0
0
0
0
0
0
0
0
0
0
0
0
0
0
0
0
0
0
0
0
0
0
0
0
0
0
0
0
0
0
0
0
0
0
0
0
0
0
0
0
0
0
0
0
0
0
0
0
0
0
0
0
0
0
42.4876
57.5125
0
0
0
0
0
0
0
0
0
0
0
0
0
0
0
0
0
0
0
0
0
0
0
0
0
0
0
0
0
0
0
0
0
0
0
0
0
0
0
0
0
0
0
0
0
0
0
0
0
0
0
0
0
0
0
0
0
0
0
0
0
0
0
0.136318
0.0308458
0
0
0.00199005
0.320398
0.00696517
0.00597015
0.00995025
0.0159204
0.0616915
0.121393
0.21791
0.0487562
0.00497512
0.00199005
0
0
0
0.000995025
0.000995025
0
0
0
0
0
0
0
0
0
0
0
0.0039801
0.00895522
0
0
0
0
0
0
0
0
0.00298507
0.00199005
0.00597015
0.00895522
0.0149254
0.0348259
0.0427861
0.0467662
0.0447761
0.0487562
0.0577114
0.0925373
0.104478
0.080597
0.0746269
0.123383
0.0726368
0.0457711
0.0248756
0.0258706
0.0248756
0.0129353
0.00497512
0
0.00199005
0
0
0
0
0
0
0
0
0
0
0
0
0.0716418
0.293532
0.114428
0.0855721
0.0706468
0.105473
0.113433
0.0427861
0.0228856
0.0228856
0.0258706
0.0228856
0.0039801
0.00199005
0.000995025
0.000995025
0
0
0
0
0
