0.406504
0.609756
0.609756
0.406504
0
0
0
0
0
0
1.01626
0.813008
1.21951
2.84553
5.0813
10.7724
8.53658
6.91057
6.50406
6.91057
7.92683
5.28455
6.30081
6.50406
1.82927
1.21951
2.84553
1.82927
1.21951
1.62602
1.82927
1.01626
0.609756
0.203252
0
0
0
0
0
0
1.21951
1.62602
1.42276
2.43902
0.609756
0
0
0.203252
0
0
0
0
0.203252
0
0.609756
0.406504
0.609756
2.64228
3.25203
4.47154
4.87805
4.26829
4.26829
5.69106
6.70731
4.87805
6.70731
8.73983
5.0813
3.86179
4.47154
5.0813
5.28455
3.45529
3.45529
6.09756
3.86179
0
0.203252
0.406504
0
0
0
0
0.203252
0
0
0.203252
0
0
0
0
0
0
0
0
0
0
0
0
0
0
0.203252
0.406504
0
0
0
0
1.01626
1.62602
1.01626
1.01626
0.813008
1.21951
1.82927
3.04878
3.45529
3.86179
4.26829
5.0813
4.47154
4.47154
5.28455
5.69106
6.70731
5.89431
5.89431
6.30081
4.6748
6.70731
3.86179
2.84553
3.25203
2.23577
3.04878
0
0
0
0
0
0
0
0
0
0
0
0
0
0
0
0
0
0
0
0
0
0
0
0
0
0
0
0
0
0
0
0
0
0
0
0
0
0
0
0
0
0
0
0
0
0
0
0
0
0
0
0
0
0
0
0
0
0
0
0
0
0
0
0
0
0
0
0
0
0
0
0
0
0
0
0
0
0
0
0
0
0
0
0
0
0
0
0
0
0
0
0
0
0
0
0
0
0
0
0
0
0
0
0
0
0
0
0
21.7038
78.2962
0
0
0
0
0
0
0
0
0
0
0
0
0
0
0
0
0
0
0
0
0
0
0
0
0
0
0
0
0
0
0
0
0
0
0
0
0
0
0
0
0
0
0
0
0
0
0
0
0
0
0
0
0
0
0
0
0
0
0
0
0
0
0
0.505071
0.0040568
0
0
0
0.0040568
0
0.0020284
0.0040568
0.00608519
0.00811359
0.0973631
0.210953
0.0507099
0.0182556
0.0020284
0
0
0
0
0
0
0
0
0
0
0
0
0
0
0
0
0.020284
0.0669371
0
0
0
0
0
0
0
0
0
0
0
0
0.0040568
0.010142
0.0020284
0.0121704
0.010142
0.0121704
0.0446247
0.0466531
0.11359
0.135903
0.119675
0.129817
0.115619
0.123732
0.0730223
0.030426
0.0121704
0
0
0.0040568
0
0
0
0
0
0
0
0
0
0
0
0
0
0.00811359
0.010142
0.0263692
0.0709939
0.0973631
0.139959
0.0912779
0.146045
0.131846
0.133874
0.0851927
0.0446247
0.010142
0.0020284
0
0.0020284
0
0
0
0
0
