1.11821
0.958466
0.958466
1.59744
2.39617
1.27796
0.479233
0.319489
0
0.319489
0.159744
1.27796
2.71566
3.35463
5.27157
3.99361
5.59105
9.42492
8.14696
8.14696
6.38978
3.03514
3.03514
2.71566
1.59744
1.27796
1.59744
0
0
0.319489
0
0.159744
0.319489
0.159744
0.159744
0.319489
1.4377
2.55591
2.23642
2.55591
3.03514
1.4377
4.3131
2.71566
1.27796
0.319489
0
0.159744
0
0
0
0
0
0.159744
0
0.319489
0
0
0
0
0.159744
0
2.55591
11.5016
11.0224
8.62619
10.3834
11.5016
9.7444
10.0639
11.0224
8.46645
2.8754
0
0
0
0.159744
0
0
0.159744
0
0
0.159744
0
0
0.319489
0
0.319489
0
0.159744
0
0
0
0
0
0
0
0
0
0
0
0
0
0
0
0
0
0
0
0.958466
1.27796
0.319489
0.638978
2.23642
2.07668
3.35463
7.66773
5.27157
5.7508
6.23003
4.95208
6.23003
5.43131
4.95208
3.99361
5.27157
3.19489
3.35463
3.67412
3.67412
2.71566
1.59744
3.67412
4.47284
7.1885
0
0
0
0
0
0
0
0
0
0
0
0
0
0
0
0
0
0
0
0
0
0
0
0
0
0
0
0
0
0
0
0
0
0
0
0
0
0
0
0
0
0
0
0
0
0
0
0
0
0
0
0
0
0
0
0
0
0
0
0
0
0
0
0
0
0
0
0
0
0
0
0
0
0
0
0
0
0
0
0
0
0
0
0
0
0
0
0
0
0
0
0
0
0
0
0
0
0
0
0
0
0
0
0
0
0
0
0
46.2518
53.7478
0
0
0
0
0
0
0
0
0
0
0
0
0
0
0
0
0
0
0
0
0
0
0
0
0
0
0
0
0
0
0
0
0
0
0
0
0
0
0
0
0
0
0
0
0
0
0
0
0
0
0
0
0
0
0
0
0
0
0
0
0
0
0
0.122807
0.0239234
0
0
0.0909091
0.759171
0.00318979
0
0
0
0
0
0
0
0
0
0
0
0
0
0
0
0
0
0
0
0
0
0
0
0
0
0
0
0
0
0
0
0
0
0
0
0
0
0
0
0
0
0.0015949
0.0015949
0.00637959
0.00797448
0.00956938
0.0334928
0.0223285
0.0685805
0.138756
0.22488
0.215311
0.129187
0.0861244
0.0207337
0.0175439
0.00956938
0.00637959
0
0
0
0
0
0
0
0
0
0
0
0
0
0
0.0494418
0.526316
0.251994
0.0271132
0
0
0
0.00478469
0.0318979
0.0430622
0.0287081
0.0239234
0.0127592
0
0
0
0
0
0
0
0
