1.27796
0.479233
0
0
0
0
0
0
0
0.159744
1.59744
1.91693
2.23642
4.95208
7.98722
6.23003
8.30671
7.50799
6.23003
7.50799
4.15336
4.63259
3.99361
2.07668
3.35463
4.63259
3.99361
2.07668
1.91693
0.958466
0.798722
2.39617
1.91693
1.59744
0.159744
0
0
0
0
0.638978
0.479233
0.319489
0.958466
1.75719
0.958466
0
0
0
0
0.319489
0
0
0.638978
0.159744
0.319489
0
0.479233
2.8754
3.19489
4.79233
3.35463
6.54952
7.34824
6.54952
5.43131
5.43131
5.43131
4.15336
4.79233
4.47284
5.7508
4.47284
3.51438
2.8754
3.99361
5.11182
4.47284
1.91693
0.319489
0
0.159744
0.159744
0.159744
0.159744
0
0.319489
0.159744
0.319489
0
0
0
0
0
0
0
0
0
0
0
0
0
0
0
0.159744
0.479233
0.479233
0.798722
0.159744
0
0
0.159744
0
0.159744
0.319489
0.958466
1.91693
2.8754
3.35463
5.7508
3.67412
5.7508
6.38978
5.27157
6.86901
4.15336
5.59105
4.79233
4.47284
3.99361
4.15336
4.63259
4.47284
7.02875
6.07029
5.27157
0
0
0
0
0
0
0
0
0
0
0
0
0
0
0
0
0
0
0
0
0
0
0
0
0
0
0
0
0
0
0
0
0
0
0
0
0
0
0
0
0
0
0
0
0
0
0
0
0
0
0
0
0
0
0
0
0
0
0
0
0
0
0
0
0
0
0
0
0
0
0
0
0
0
0
0
0
0
0
0
0
0
0
0
0
0
0
0
0
0
0
0
0
0
0
0
0
0
0
0
0
0
0
0
0
0
0
0
66.8259
33.1737
0
0
0
0
0
0
0
0
0
0
0
0
0
0
0
0
0
0
0
0
0
0
0
0
0
0
0
0
0
0
0
0
0
0
0
0
0
0
0
0
0
0
0
0
0
0
0
0
0
0
0
0
0
0
0
0
0
0
0
0
0
0
0
0.295056
0.0111643
0
0
0.0175439
0.500797
0.0015949
0.00637959
0.0015949
0.00478469
0.015949
0.0143541
0.0510367
0.0255183
0.00637959
0
0
0
0
0
0
0
0
0
0
0
0
0
0
0
0
0
0.0127592
0.0350877
0
0
0
0
0
0
0
0
0.0015949
0
0.0015949
0.00318979
0.00956938
0.0127592
0.0175439
0.0175439
0.0366826
0.0590112
0.0749601
0.0749601
0.0526316
0.0478469
0.0558214
0.157895
0.122807
0.113238
0.0909091
0.0334928
0.0111643
0.00318979
0
0.0015949
0
0
0
0
0
0
0
0
0
0
0
0
0
0.137161
0.338118
0.119617
0.0446571
0.0271132
0.0382775
0.0111643
0.0287081
0.0350877
0.110048
0.0669856
0.0334928
0.00797448
0.0015949
0
0
0
0
0
0
0
