1.71017
1.62016
1.17012
1.80018
1.53015
1.17012
0.630063
1.35013
1.80018
1.71017
1.44014
0.810081
1.53015
3.33033
3.42034
4.32043
2.88029
3.69037
5.49055
4.9505
6.12062
3.42034
4.86049
5.58056
4.9505
3.9604
1.17012
0.180018
0.180018
0.180018
0.180018
0.360036
0.180018
0.90009
1.08011
0.990099
0.990099
1.26013
1.62016
3.06031
3.51035
2.16022
2.61026
2.16022
2.07021
0.540054
0.180018
0.180018
0.090009
0.090009
0
0.270027
0
0.360036
0.180018
0.270027
0.180018
0.270027
0.180018
0.180018
0.180018
0.180018
3.60036
9.18092
7.83079
12.5112
12.8713
9.81098
12.2412
7.29074
7.56076
8.10082
3.06031
0.270027
0.450045
0.180018
0.270027
0.360036
0
0.180018
0.180018
0.090009
0
0.180018
0
0
0
0.090009
0.180018
0.270027
0
0
0
0
0
0
0
0
0
0
0
0
0
0
0
0
0
0
0
0.630063
5.49055
0.810081
0.450045
3.9604
5.58056
7.65077
7.20073
6.30063
7.11072
6.84069
5.13051
6.48065
4.32043
4.0504
3.33033
3.24032
2.07021
3.24032
1.44014
1.44014
1.89019
2.79028
1.89019
2.79028
3.9604
0
0
0
0
0
0
0
0
0
0
0
0
0
0
0
0
0
0
0
0
0
0
0
0
0
0
0
0
0
0
0
0
0
0
0
0
0
0
0
0
0
0
0
0
0
0
0
0
0
0
0
0
0
0
0
0
0
0
0
0
0
0
0
0
0
0
0
0
0
0
0
0
0
0
0
0
0
0
0
0
0
0
0
0
0
0
0
0
0
0
0
0
0
0
0
0
0
0
0
0
0
0
0
0
0
0
0
0
39.4783
60.5214
0
0
0
0
0
0
0
0
0
0
0
0
0
0
0
0
0
0
0
0
0
0
0
0
0
0
0
0
0
0
0
0
0
0
0
0
0
0
0
0
0
0
0
0
0
0
0
0
0
0
0
0
0
0
0
0
0
0
0
0
0
0
0
0.169964
0.0323741
0
0
0.00809352
0.321043
0.00719424
0.00809352
0.0107914
0.0233813
0.0314748
0.080036
0.289568
0.0125899
0.00179856
0
0
0
0
0.000899281
0
0
0
0
0
0
0
0
0
0
0
0
0
0.00269784
0
0
0
0
0
0
0
0.000899281
0.00269784
0.00179856
0.00809352
0.00899281
0.00719424
0.00899281
0.00989209
0.0125899
0.0305755
0.0539568
0.0665468
0.105216
0.107014
0.140288
0.119604
0.128597
0.0728417
0.0368705
0.0323741
0.0125899
0.016187
0.0107914
0.00359712
0.00179856
0
0
0
0
0
0
0
0
0
0
0
0
0
0.0440647
0.276978
0.0917266
0.0881295
0.133993
0.0890288
0.125899
0.0638489
0.0260791
0.0188849
0.0215827
0.016187
0.00269784
0.000899281
0
0
0
0
0
0
0
