0.869565
0.652174
0.434783
0.434783
1.30435
1.73913
0.434783
0.869565
0
0
0
0
0.217391
2.3913
8.26087
14.3478
8.47826
9.13044
6.30435
6.52174
6.73913
3.26087
4.78261
4.13043
3.26087
2.82609
2.82609
2.3913
1.08696
1.08696
0.869565
0
0
0
0
0
0
0
0
0.652174
1.08696
1.08696
0.217391
0.869565
0.652174
0
0
0.434783
0.217391
0.434783
0.217391
0
0
0.434783
0.652174
0.434783
0.652174
0.652174
2.82609
2.3913
4.56522
5.43478
5.86957
4.13043
3.69565
4.78261
4.56522
5.86957
5.86957
4.56522
4.13043
4.56522
3.91304
5.65217
7.39131
7.6087
4.34783
1.08696
1.30435
0.217391
0.217391
0
0.217391
0
0.217391
0.217391
0
0.434783
0
0
0
0
0
0
0
0
0
0
0
0
0
0
0
0
1.08696
1.73913
1.95652
2.6087
0.869565
1.52174
0.434783
0.217391
0
0.652174
1.73913
2.82609
0.652174
1.73913
4.34783
6.30435
5.43478
3.91304
3.69565
4.34783
6.08696
4.78261
5.43478
5.86957
4.56522
3.47826
5.86957
4.34783
5
4.34783
4.34783
0
0
0
0
0
0
0
0
0
0
0
0
0
0
0
0
0
0
0
0
0
0
0
0
0
0
0
0
0
0
0
0
0
0
0
0
0
0
0
0
0
0
0
0
0
0
0
0
0
0
0
0
0
0
0
0
0
0
0
0
0
0
0
0
0
0
0
0
0
0
0
0
0
0
0
0
0
0
0
0
0
0
0
0
0
0
0
0
0
0
0
0
0
0
0
0
0
0
0
0
0
0
0
0
0
0
0
0
43.3839
56.6159
0
0
0
0
0
0
0
0
0
0
0
0
0
0
0
0
0
0
0
0
0
0
0
0
0
0
0
0
0
0
0
0
0
0
0
0
0
0
0
0
0
0
0
0
0
0
0
0
0
0
0
0
0
0
0
0
0
0
0
0
0
0
0
0.535792
0.010846
0
0
0
0.349241
0
0
0
0
0
0
0
0
0
0
0
0
0
0
0.0021692
0
0
0
0
0
0
0
0
0
0
0
0.0238612
0.0780911
0
0
0
0
0
0
0
0
0
0
0.0021692
0
0
0
0
0.0021692
0.00433839
0.0021692
0.0130152
0.0151844
0.0455531
0.0824295
0.156182
0.240781
0.145336
0.145336
0.0932755
0.0368764
0.00867679
0
0.00433839
0.0021692
0
0
0
0
0
0
0
0
0
0
0
0
0
0.00650759
0.236443
0.10846
0.00867679
0.0173536
0.0195228
0.0607375
0.158351
0.0932755
0.136659
0.0954447
0.0433839
0.010846
0
0.00433839
0
0
0
0
0
0
