3.23741
1.8705
2.15827
1.58273
2.94964
2.08633
1.8705
2.01439
1.07914
1.22302
1.51079
1.51079
1.94245
2.73381
3.16547
3.59712
3.741
2.94964
3.23741
3.45324
4.31654
2.8777
2.73381
1.58273
1.51079
2.58993
2.8777
2.08633
1.79856
2.51798
1.00719
0.719424
0.719424
2.15827
1.36691
1.65468
1.00719
1.8705
2.15827
1.79856
2.30216
2.08633
2.58993
3.02158
2.80575
0.0719424
0.359712
0.28777
0.215827
0.143885
0.215827
0.0719424
0.143885
0.0719424
0.28777
0.28777
0
0
0.0719424
0
0
0
0
0
0.0719424
0.0719424
40.3598
22.59
32.3023
0.0719424
0.0719424
0.0719424
0.143885
0
0
0
0.143885
0.143885
0.143885
0
0.0719424
0.143885
0.0719424
0
0.215827
0.0719424
0.215827
0.503597
0.0719424
0.28777
0
0
0
0
0
0
0
0
0
0
0
0
0
0
0
0
0
0
0
0
0
0.935252
2.30216
9.64028
9.35251
8.84891
7.12229
5.32374
4.89208
4.53237
3.95683
4.53237
2.30216
2.94964
3.02158
3.30935
1.94245
2.3741
2.3741
2.66187
3.16547
2.23022
2.51798
4.46043
5.32374
0
0
0
0
0
0
0
0
0
0
0
0
0
0
0
0
0
0
0
0
0
0
0
0
0
0
0
0
0
0
0
0
0
0
0
0
0
0
0
0
0
0
0
0
0
0
0
0
0
0
0
0
0
0
0
0
0
0
0
0
0
0
0
0
0
0
0
0
0
0
0
0
0
0
0
0
0
0
0
0
0
0
0
0
0
0
0
0
0
0
0
0
0
0
0
0
0
0
0
0
0
0
0
0
0
0
0
0
42.9906
57.0095
0
0
0
0
0
0
0
0
0
0
0
0
0
0
0
0
0
0
0
0
0
0
0
0
0
0
0
0
0
0
0
0
0
0
0
0
0
0
0
0
0
0
0
0
0
0
0
0
0
0
0
0
0
0
0
0
0
0
0
0
0
0
0
0.156722
0.0150971
0
0
0.00143781
0.233645
0.00215672
0.00359454
0.00431344
0.00359454
0.00934579
0.0186916
0.127965
0.0510424
0.00503235
0.00215672
0
0
0.000718907
0.321352
0.0172538
0
0
0
0
0
0
0
0
0
0
0
0.000718907
0.0251618
0
0
0
0
0
0
0
0.00215672
0
0
0.0100647
0.0136592
0.00790798
0.0100647
0.0136592
0.0129403
0.0179727
0.0323508
0.0531991
0.0589504
0.112868
0.109993
0.0474479
0.0661395
0.0337886
0.0273185
0.0222861
0.015816
0.0122214
0.0265996
0.157441
0.124371
0.0107836
0
0
0
0
0
0
0
0
0
0
0
0
0.0582315
0.193386
0.0747664
0.0668584
0.0661395
0.0690151
0.0956147
0.038821
0.195543
0.100647
0.0316319
0.00790798
0.000718907
0.000718907
0
0
0
0
0
0
0
