0.860215
0.645161
1.07527
0.215054
1.07527
0.430108
0.215054
0
0.215054
0
0.215054
0
0.430108
1.07527
6.88172
10.3226
10.9677
7.74193
9.24731
6.88172
7.09677
5.80645
5.37634
4.08602
2.58065
2.36559
2.36559
0.645161
1.72043
0.430108
0.430108
0.215054
0
0
0
0.645161
0.645161
0.860215
1.72043
0.645161
0.645161
1.29032
1.07527
0.215054
0.860215
0
0.430108
0
0.430108
0.215054
0.215054
0.430108
0.430108
0.430108
0.860215
1.29032
0.645161
1.07527
2.36559
6.88172
5.5914
7.52688
4.30108
5.37634
4.30108
4.73118
4.51613
6.0215
3.44086
6.45161
3.87097
2.7957
2.58065
5.16129
4.51613
6.23656
2.58065
2.36559
0.215054
0
0
0.215054
0.645161
0.215054
0.215054
0.215054
0
0
0.430108
0
0
0
0
0
0
0
0
0
0
0
0
0
0.215054
0.645161
0
0.860215
1.72043
1.50538
0.860215
1.29032
0.215054
0.215054
0
1.07527
1.72043
1.93548
2.7957
4.30108
2.15054
6.23656
5.37634
3.65591
6.23656
6.45161
6.45161
6.0215
6.45161
4.51613
5.37634
6.45161
3.65591
4.51613
3.65591
2.36559
1.29032
0
0
0
0
0
0
0
0
0
0
0
0
0
0
0
0
0
0
0
0
0
0
0
0
0
0
0
0
0
0
0
0
0
0
0
0
0
0
0
0
0
0
0
0
0
0
0
0
0
0
0
0
0
0
0
0
0
0
0
0
0
0
0
0
0
0
0
0
0
0
0
0
0
0
0
0
0
0
0
0
0
0
0
0
0
0
0
0
0
0
0
0
0
0
0
0
0
0
0
0
0
0
0
0
0
0
0
0
77.4677
22.5322
0
0
0
0
0
0
0
0
0
0
0
0
0
0
0
0
0
0
0
0
0
0
0
0
0
0
0
0
0
0
0
0
0
0
0
0
0
0
0
0
0
0
0
0
0
0
0
0
0
0
0
0
0
0
0
0
0
0
0
0
0
0
0
0.424893
0.00429185
0
0
0
0
0
0
0
0.00214592
0.0171674
0.0815451
0.169528
0.118026
0.0150215
0
0
0
0
0.00429185
0
0
0
0
0
0
0
0
0
0
0
0
0.0450644
0.118026
0
0
0
0
0
0
0
0
0.00214592
0.00214592
0.0150215
0.0171674
0.0214592
0.027897
0.0450644
0.0257511
0.0364807
0.0643777
0.0708155
0.0643777
0.0536481
0.055794
0.0708155
0.0450644
0.130901
0.120172
0.0793991
0.0364807
0.00429185
0.00429185
0.00214592
0.00214592
0.00214592
0
0
0
0
0
0
0
0
0
0
0
0
0.0493562
0.0729614
0.0579399
0.0600858
0.0965665
0.158798
0.0515021
0.0665236
0.0772532
0.156652
0.0815451
0.055794
0.00643777
0.00214592
0.00214592
0.00429185
0
0
0
0
0
