0.740741
0.148148
0.296296
0.148148
0
0
0
0
0
0
0
0.296296
0.444444
2.96296
2.81481
11.1111
8.14814
5.92592
9.92593
7.25926
8.14814
6.81481
6.37037
7.7037
5.18518
2.22222
2.66667
1.03704
1.62963
0.740741
0.148148
0.148148
0
0
0
0
0
0
0
0
0.148148
1.03704
2.22222
2.22222
1.48148
0
0.296296
0.148148
0.444444
0.148148
0.592593
0.592593
0.592593
0.296296
0.444444
0.148148
2.22222
4.74074
5.18518
6.37037
4.14815
4.14815
4.59259
2.66667
3.11111
3.11111
3.25926
5.48148
3.85185
4.14815
2.96296
3.40741
5.03704
4.14815
4.88889
5.77778
5.48148
4
1.18519
0.148148
0.148148
0.148148
0
0.444444
0.592593
0.740741
0.148148
0.148148
0
0
0
0
0
0
0
0
0
0
0
0
0
0
0.296296
0.444444
0.592593
1.18519
1.03704
0.592593
1.33333
1.62963
1.03704
0.296296
0.148148
0.888889
2.81481
3.85185
3.55555
4.14815
4.59259
3.55555
5.77778
7.85185
6.51852
5.18518
7.7037
5.03704
6.22222
4.14815
4.88889
4
3.40741
2.37037
2.07407
1.77778
1.18519
0
0
0
0
0
0
0
0
0
0
0
0
0
0
0
0
0
0
0
0
0
0
0
0
0
0
0
0
0
0
0
0
0
0
0
0
0
0
0
0
0
0
0
0
0
0
0
0
0
0
0
0
0
0
0
0
0
0
0
0
0
0
0
0
0
0
0
0
0
0
0
0
0
0
0
0
0
0
0
0
0
0
0
0
0
0
0
0
0
0
0
0
0
0
0
0
0
0
0
0
0
0
0
0
0
0
0
0
77.9585
22.0414
0
0
0
0
0
0
0
0
0
0
0
0
0
0
0
0
0
0
0
0
0
0
0
0
0
0
0
0
0
0
0
0
0
0
0
0
0
0
0
0
0
0
0
0
0
0
0
0
0
0
0
0
0
0
0
0
0
0
0
0
0
0
0
0.363905
0.010355
0
0
0.00443787
0.409763
0.00147929
0
0
0.00295858
0.00147929
0.0221893
0.0857988
0.0295858
0.00739645
0.00443787
0
0
0
0.00147929
0
0
0
0
0
0
0
0
0
0
0
0
0.010355
0.0443787
0
0
0
0
0
0
0
0
0.00295858
0
0.00443787
0.00739645
0
0.00295858
0.00295858
0.00887574
0.00295858
0.0147929
0.0251479
0.035503
0.0710059
0.0857988
0.153846
0.205621
0.140533
0.122781
0.0724852
0.0251479
0.0118343
0
0.00147929
0
0.00147929
0
0
0
0
0
0
0
0
0
0
0
0
0.0251479
0.335799
0.0902367
0.0340237
0.0769231
0.0266272
0.0236686
0.0857988
0.0813609
0.0991124
0.0754438
0.0384615
0.00591716
0.00147929
0
0
0
0
0
0
0
