0.318471
0
0
0
0
0
0
0.318471
0
0
0
0
1.59236
2.54777
5.09554
19.7452
11.7834
7.96178
6.6879
4.77707
3.50319
5.41401
3.50319
6.36943
5.09554
3.82166
3.82166
1.59236
1.59236
0.955414
0
1.27389
0
0
0
0.318471
0.318471
0
0
0
0
0.636943
0.636943
0
0.636943
0
0
0
0
0.636943
0
0
0
0.955414
0.636943
0.318471
4.77707
2.54777
4.77707
2.86624
4.77707
5.41401
6.36943
7.00637
5.41401
6.05096
4.14013
3.18471
2.86624
3.18471
3.18471
3.18471
3.82166
3.82166
4.4586
3.50319
4.4586
3.82166
1.59236
2.2293
0.318471
0
0
0
0
0
0
0
0
0
0
0
0
0
0
0
0
0
0
0
0.318471
0.636943
0.318471
1.27389
0.955414
0.318471
0.636943
0.318471
0.636943
0
0
0
0
1.27389
0.636943
0.955414
0.318471
0.955414
2.54777
4.4586
6.36943
5.09554
6.05096
4.14013
3.82166
5.41401
6.05096
7.64331
7.64331
6.6879
4.4586
4.4586
4.77707
5.41401
5.73248
0
0
0
0
0
0
0
0
0
0
0
0
0
0
0
0
0
0
0
0
0
0
0
0
0
0
0
0
0
0
0
0
0
0
0
0
0
0
0
0
0
0
0
0
0
0
0
0
0
0
0
0
0
0
0
0
0
0
0
0
0
0
0
0
0
0
0
0
0
0
0
0
0
0
0
0
0
0
0
0
0
0
0
0
0
0
0
0
0
0
0
0
0
0
0
0
0
0
0
0
0
0
0
0
0
0
0
0
56.1904
43.8095
0
0
0
0
0
0
0
0
0
0
0
0
0
0
0
0
0
0
0
0
0
0
0
0
0
0
0
0
0
0
0
0
0
0
0
0
0
0
0
0
0
0
0
0
0
0
0
0
0
0
0
0
0
0
0
0
0
0
0
0
0
0
0
0
0
0
0
0
0
0
0
0
0
0
0.0666667
0.666667
0.187302
0.047619
0.0222222
0
0
0
0.0031746
0.00634921
0
0
0
0
0
0
0
0
0
0
0
0
0
0
0
0
0
0
0
0
0
0.0031746
0.0031746
0.00952381
0.015873
0.0222222
0.031746
0.0222222
0.0190476
0.031746
0.015873
0.0190476
0.0412698
0.12381
0.15873
0.238095
0.0984127
0.0285714
0.0539683
0.0285714
0.015873
0.00952381
0.0031746
0.0031746
0
0.0031746
0
0
0
0
0
0
0
0
0
0
0
0
0.0698413
0.0603175
0.0507937
0.0761905
0.15873
0.2
0.228571
0.0539683
0.0603175
0.0253968
0.0031746
0.00952381
0
0.0031746
0
0
0
0
0
0
0
