0.913838
1.17493
0.78329
1.30548
0.78329
1.69713
0.522193
0.652741
0.652741
0.391645
2.08877
5.74413
4.17754
2.61097
3.00261
2.34987
3.91645
5.48303
6.26632
4.43864
6.26632
4.83029
5.87467
4.56919
3.65535
4.047
3.5248
1.69713
1.17493
0.78329
0.652741
0.652741
0
0.130548
0
0.130548
0.913838
1.43603
1.04439
1.95822
1.30548
1.56658
2.08877
1.04439
1.82768
0.78329
1.17493
0.78329
0.261097
0.130548
0.261097
0.130548
0
0.261097
0.130548
0.261097
0.261097
0.261097
0.391645
0.261097
2.34987
8.61619
6.91906
8.22455
6.39687
4.56919
5.74413
4.30809
7.44126
5.09138
6.26632
5.35248
6.52742
9.13839
3.7859
0.391645
0.130548
0
0
0.130548
0.261097
0
0.261097
0.130548
0.130548
0.391645
0.391645
0.522193
0.391645
0.913838
0
0
0
0
0
0
0
0
0
0
0
0
0
0
0
0
1.17493
0.130548
1.69713
0.522193
0.913838
1.82768
0.130548
1.69713
3.39425
4.047
5.22193
5.48303
6.39687
4.96084
5.87467
5.22193
4.69974
5.61358
5.74413
4.17754
5.22193
3.13316
4.047
2.08877
2.74151
4.83029
4.43864
1.82768
2.87206
0
0
0
0
0
0
0
0
0
0
0
0
0
0
0
0
0
0
0
0
0
0
0
0
0
0
0
0
0
0
0
0
0
0
0
0
0
0
0
0
0
0
0
0
0
0
0
0
0
0
0
0
0
0
0
0
0
0
0
0
0
0
0
0
0
0
0
0
0
0
0
0
0
0
0
0
0
0
0
0
0
0
0
0
0
0
0
0
0
0
0
0
0
0
0
0
0
0
0
0
0
0
0
0
0
0
0
0
68.3184
31.6819
0
0
0
0
0
0
0
0
0
0
0
0
0
0
0
0
0
0
0
0
0
0
0
0
0
0
0
0
0
0
0
0
0
0
0
0
0
0
0
0
0
0
0
0
0
0
0
0
0
0
0
0
0
0
0
0
0
0
0
0
0
0
0
0.164276
0.0104302
0
0
0.00651891
0.666232
0.00260756
0
0.00391134
0
0.00391134
0.00130378
0.0365059
0.0560626
0.00782269
0.00521512
0
0
0
0
0
0
0
0
0
0
0
0
0
0
0
0
0.00391134
0.0312907
0
0
0
0
0
0
0
0
0.00130378
0.00260756
0.0143416
0.011734
0.00260756
0.00521512
0.0156454
0.029987
0.0325945
0.0365059
0.0547588
0.0743155
0.0691004
0.101695
0.071708
0.179922
0.122555
0.0821382
0.0547588
0.0247718
0.00651891
0.00130378
0
0.00260756
0.00130378
0
0
0
0
0
0
0
0
0
0
0
0
0.095176
0.482399
0.172099
0.0730117
0.053455
0.0247718
0.00130378
0.00521512
0.0169492
0.0260756
0.0338983
0.0130378
0.00260756
0
0
0
0
0
0
0
0
