1.46341
0.585366
1.36585
0.878049
0.878049
0.780488
1.07317
0.682927
1.56098
1.85366
0.878049
1.65854
1.56098
2.04878
3.02439
3.60975
4.19512
4.97561
5.75609
5.26829
8.39024
7.21951
7.02439
4.39024
3.31707
1.56098
1.07317
0
0.390244
0.097561
0.097561
0.292683
0.195122
0.585366
0.682927
0.585366
1.07317
0.780488
1.65854
1.65854
2.2439
2.34146
4
4.19512
2.14634
0.292683
0.390244
0.292683
0.195122
0.195122
0
0.195122
0.292683
0.390244
0.097561
0.195122
0.097561
0.195122
0.292683
0.292683
0
0.195122
10.7317
4.87805
7.21951
10.7317
9.95121
10.1463
8.68292
8.58536
7.51219
7.02439
7.80487
0.097561
0.097561
0.390244
0.390244
0.292683
0.097561
0.390244
0.097561
0
0.195122
0
0.195122
0.097561
0.195122
0.390244
0.097561
0.195122
0
0
0
0
0
0
0
0
0
0
0
0
0
0
0
0
0
0.195122
0.097561
1.46341
1.7561
0.878049
0.585366
3.12195
5.26829
3.90244
5.46341
6.92683
5.56097
6.7317
6.63414
5.65853
5.75609
5.46341
3.70732
4
5.17073
3.02439
2.73171
4.19512
3.12195
2.53659
1.95122
2.2439
1.95122
0
0
0
0
0
0
0
0
0
0
0
0
0
0
0
0
0
0
0
0
0
0
0
0
0
0
0
0
0
0
0
0
0
0
0
0
0
0
0
0
0
0
0
0
0
0
0
0
0
0
0
0
0
0
0
0
0
0
0
0
0
0
0
0
0
0
0
0
0
0
0
0
0
0
0
0
0
0
0
0
0
0
0
0
0
0
0
0
0
0
0
0
0
0
0
0
0
0
0
0
0
0
0
0
0
0
0
0
63.3526
36.6471
0
0
0
0
0
0
0
0
0
0
0
0
0
0
0
0
0
0
0
0
0
0
0
0
0
0
0
0
0
0
0
0
0
0
0
0
0
0
0
0
0
0
0
0
0
0
0
0
0
0
0
0
0
0
0
0
0
0
0
0
0
0
0
0.358674
0.0302144
0
0
0.00877193
0.352827
0.00877193
0.0126706
0.0165692
0.0136452
0.0146199
0.0321637
0.11501
0.0155945
0.00194932
0.00194932
0
0
0.000974659
0
0
0
0
0
0
0
0
0
0
0
0
0
0.00292398
0.0126706
0
0
0
0
0
0
0
0
0.000974659
0.00292398
0.00389864
0.00779727
0.00682261
0.00584795
0.00974659
0.0116959
0.0204678
0.0409357
0.0545809
0.0789474
0.0789474
0.11501
0.111111
0.126706
0.0974659
0.0808967
0.0877193
0.0409357
0.0116959
0.00194932
0.00194932
0.000974659
0
0
0
0
0
0
0
0
0
0
0
0
0
0.0419103
0.306043
0.0867446
0.0838207
0.0945419
0.0175439
0.042885
0.0955166
0.0467836
0.0487329
0.082846
0.042885
0.00877193
0.000974659
0
0
0
0
0
0
0
