2.4728
0.98912
0.593472
1.28586
0.791296
0.791296
0.197824
0.692384
0.791296
0.197824
0.98912
2.57171
0.890208
1.28586
2.27498
4.05539
4.54995
6.6271
6.92383
5.34124
8.60534
6.92383
7.12166
5.34124
4.54995
3.06627
2.27498
0.593472
0.49456
0.296736
0
0.49456
0.49456
0.49456
0.395648
0.098912
0.395648
0.49456
0.692384
1.6815
1.6815
2.17606
1.87933
2.57171
2.96736
0.296736
0
0
0.197824
0.692384
0.296736
0.098912
0.296736
0.593472
0.296736
0.296736
0.395648
0.197824
0.49456
0.098912
6.03363
8.70425
9.00099
7.02274
4.35213
6.03363
7.12166
7.31948
4.74777
5.63798
6.92383
6.33036
4.25322
3.2641
4.84669
0.593472
0.098912
0.692384
0.49456
0.296736
0.395648
0.296736
0.197824
0.197824
0.296736
0.296736
0
0.098912
0.098912
0.197824
0
0
0
0
0
0
0
0
0
0
0
0
0
0
0
0
0.098912
0.791296
1.6815
1.97824
1.87933
0.890208
0.692384
3.46192
4.54995
6.13254
5.04451
6.42927
9.99011
6.03363
5.34124
5.63798
4.35213
2.96736
2.67062
3.46192
3.16518
2.76954
3.56083
3.16518
2.57171
2.86845
2.96736
2.57171
2.37389
0
0
0
0
0
0
0
0
0
0
0
0
0
0
0
0
0
0
0
0
0
0
0
0
0
0
0
0
0
0
0
0
0
0
0
0
0
0
0
0
0
0
0
0
0
0
0
0
0
0
0
0
0
0
0
0
0
0
0
0
0
0
0
0
0
0
0
0
0
0
0
0
0
0
0
0
0
0
0
0
0
0
0
0
0
0
0
0
0
0
0
0
0
0
0
0
0
0
0
0
0
0
0
0
0
0
0
0
50.1979
49.8026
0
0
0
0
0
0
0
0
0
0
0
0
0
0
0
0
0
0
0
0
0
0
0
0
0
0
0
0
0
0
0
0
0
0
0
0
0
0
0
0
0
0
0
0
0
0
0
0
0
0
0
0
0
0
0
0
0
0
0
0
0
0
0
0.395257
0.0177866
0
0
0.0128458
0.320158
0.006917
0.00889328
0.00889328
0.0108696
0.00988142
0.0464427
0.114625
0.0217391
0.00889328
0.000988142
0
0
0
0.000988142
0
0
0
0
0
0
0
0
0
0
0
0
0.00296443
0.0118577
0
0
0
0
0
0
0
0
0
0.00296443
0.00395257
0.00790514
0.0108696
0.0148221
0.0108696
0.0256917
0.0227273
0.0326087
0.0563241
0.0820158
0.0899209
0.108696
0.0869565
0.12747
0.083004
0.0839921
0.0978261
0.0375494
0.0118577
0.000988142
0.000988142
0
0
0
0
0
0
0
0
0
0
0
0
0
0
0.0395257
0.286561
0.0928854
0.0869565
0.0800395
0.0266798
0.0632411
0.0701581
0.0513834
0.0533597
0.0938735
0.0444664
0.00889328
0.00197628
0
0
0
0
0
0
0
