0.980392
0.392157
1.76471
1.37255
0.392157
0
0.392157
0
0.196078
0.784314
0.588235
1.37255
2.7451
2.54902
3.72549
6.07843
9.21568
9.21568
8.03921
6.66667
6.47059
3.92157
2.35294
5.88235
6.27451
5.09804
1.96078
2.15686
1.17647
1.37255
1.17647
0.980392
0.784314
0.392157
0.588235
0
0
0
0
0
0.392157
0.196078
0.392157
0.784314
1.37255
0
0.196078
0.588235
0.196078
0.196078
0
0.196078
0
0.196078
0
0.980392
1.17647
2.54902
4.11765
3.33333
3.92157
3.72549
5.68627
4.11765
4.11765
4.70588
5.09804
4.11765
4.5098
5.88235
5.4902
6.66667
6.07843
4.31373
3.52941
3.72549
3.13726
4.90196
2.35294
0
0
0.196078
0
0
0.196078
0
0
0
0
0
0
0
0
0
0
0
0
0
0
0
0
0.196078
0.196078
0
1.37255
0.980392
2.35294
0
0
0
0
0
0
0
2.54902
1.56863
2.15686
4.31373
4.90196
4.31373
4.5098
3.72549
7.2549
5.29412
4.31373
4.5098
4.90196
3.72549
4.11765
4.5098
4.31373
3.72549
3.13726
7.05882
10.1961
0
0
0
0
0
0
0
0
0
0
0
0
0
0
0
0
0
0
0
0
0
0
0
0
0
0
0
0
0
0
0
0
0
0
0
0
0
0
0
0
0
0
0
0
0
0
0
0
0
0
0
0
0
0
0
0
0
0
0
0
0
0
0
0
0
0
0
0
0
0
0
0
0
0
0
0
0
0
0
0
0
0
0
0
0
0
0
0
0
0
0
0
0
0
0
0
0
0
0
0
0
0
0
0
0
0
0
0
38.1604
61.8394
0
0
0
0
0
0
0
0
0
0
0
0
0
0
0
0
0
0
0
0
0
0
0
0
0
0
0
0
0
0
0
0
0
0
0
0
0
0
0
0
0
0
0
0
0
0
0
0
0
0
0
0
0
0
0
0
0
0
0
0
0
0
0
0.293542
0.0156556
0
0
0.0195695
0.575342
0.00195695
0.00195695
0.00195695
0.00391389
0.00587084
0.00782779
0.00782779
0.0254403
0.00391389
0
0
0
0
0
0
0
0
0
0
0
0
0
0
0
0
0
0.0136986
0.0215264
0
0
0
0
0
0
0
0
0
0.00195695
0.0117417
0.0176125
0.00978474
0.00782779
0.00195695
0.00782779
0.00978474
0.00978474
0.0176125
0.0469667
0.0665362
0.0684932
0.0821918
0.213307
0.135029
0.162427
0.0704501
0.0391389
0.00978474
0.00587084
0.00195695
0.00195695
0
0
0
0
0
0
0
0
0
0
0
0
0
0.0919765
0.438356
0.121331
0.0117417
0.00587084
0.00391389
0.00782779
0.0195695
0.0547945
0.111546
0.0821918
0.0430528
0.00782779
0
0
0
0
0
0
0
0
