1.17729
1.80055
1.17729
1.17729
1.7313
2.42382
2.63158
2.42382
1.66205
2.14682
2.56233
3.1856
3.11634
2.28532
2.42382
3.4626
2.49308
2.00831
2.00831
1.38504
1.5928
2.42382
1.38504
1.5928
1.52355
2.77008
2.90859
1.93906
2.56233
2.21607
2.63158
3.4626
3.73961
3.80886
4.57064
2.28532
3.39335
2.07756
2.28532
1.86981
1.66205
0.969529
0.831025
1.52355
0.761773
0.623269
0.0692521
0.207756
0.0692521
0.0692521
0.138504
0.138504
0.0692521
0
0
0
0
0.0692521
0.0692521
0
0
0.0692521
0.0692521
0
0
0
28.8781
42.313
26.2465
0
0
0.0692521
0
0
0
0
0
0
0
0
0
0
0
0
0
0
0.0692521
0.207756
0.277008
0.34626
0
0
0
0
0
0
0
0
0
0
0
0
0
0
0
0
0
0
0
0
0
0.831025
2.97784
8.17174
8.03324
8.518
6.30194
7.82548
5.67867
5.54016
4.22438
3.53186
3.53186
3.60111
2.97784
2.35457
2.83934
2.42382
2.90859
2.00831
1.86981
2.28532
2.90859
4.08587
4.63989
0
0
0
0
0
0
0
0
0
0
0
0
0
0
0
0
0
0
0
0
0
0
0
0
0
0
0
0
0
0
0
0
0
0
0
0
0
0
0
0
0
0
0
0
0
0
0
0
0
0
0
0
0
0
0
0
0
0
0
0
0
0
0
0
0
0
0
0
0
0
0
0
0
0
0
0
0
0
0
0
0
0
0
0
0
0
0
0
0
0
0
0
0
0
0
0
0
0
0
0
0
0
0
0
0
0
0
0
47.6813
52.3179
0
0
0
0
0
0
0
0
0
0
0
0
0
0
0
0
0
0
0
0
0
0
0
0
0
0
0
0
0
0
0
0
0
0
0
0
0
0
0
0
0
0
0
0
0
0
0
0
0
0
0
0
0
0
0
0
0
0
0
0
0
0
0
0.154325
0.0262976
0
0
0.00553633
0.238754
0.00622837
0.00761246
0.00692042
0.00553633
0.00968858
0.0304498
0.142561
0.0186851
0.00415225
0.00415225
0
0
0.00207612
0.323875
0.0117647
0
0
0
0
0
0
0
0
0
0
0
0
0.00138408
0
0
0
0
0
0
0
0
0.000692042
0
0
0.00415225
0.00346021
0.00415225
0.0083045
0.00692042
0.0110727
0.0186851
0.0214533
0.0477509
0.0809689
0.136332
0.108651
0.112803
0.0380623
0.0262976
0.015917
0.0138408
0.0200692
0.0256055
0.152941
0.12872
0.0131488
0
0
0
0
0
0
0
0
0
0
0
0
0.0221453
0.210381
0.0553633
0.0311419
0.0871972
0.100346
0.0297578
0.106574
0.229066
0.0913495
0.0242215
0.0110727
0.00138408
0
0
0
0
0
0
0
0
