0
0
0
0
0
0
0
0
0
0
0
2.2082
3.47003
3.15457
6.94006
13.5647
13.5647
6.6246
5.99369
4.4164
6.94006
4.10095
3.78549
4.73186
5.04732
4.10095
1.89274
1.89274
2.2082
1.89274
2.52366
0.630915
0.315457
0
0
0.315457
0
0
0
0
0
0
0
0
0
0
0
0.946372
0
0
0
0
0.315457
0
0.630915
1.26183
2.2082
2.83912
2.83912
4.10095
3.78549
6.30915
4.10095
4.73186
5.99369
6.6246
3.78549
3.78549
5.36278
4.4164
4.73186
2.2082
3.15457
5.04732
5.04732
4.4164
2.83912
2.52366
2.52366
2.83912
0.946372
0
0
0
0
0
0
0
0
0
0
0
0
0
0
0
0
0
0
1.26183
0
0
0.315457
0.315457
0.315457
0
0
0.315457
0.315457
0.315457
0
0
0
0
0
0
0
0.630915
0.946372
2.52366
5.36278
4.73186
3.15457
4.73186
5.67823
7.57098
7.57098
7.25552
7.25552
5.99369
6.30915
7.25552
8.51735
6.30915
5.36278
0
0
0
0
0
0
0
0
0
0
0
0
0
0
0
0
0
0
0
0
0
0
0
0
0
0
0
0
0
0
0
0
0
0
0
0
0
0
0
0
0
0
0
0
0
0
0
0
0
0
0
0
0
0
0
0
0
0
0
0
0
0
0
0
0
0
0
0
0
0
0
0
0
0
0
0
0
0
0
0
0
0
0
0
0
0
0
0
0
0
0
0
0
0
0
0
0
0
0
0
0
0
0
0
0
0
0
0
8.49057
91.5096
0
0
0
0
0
0
0
0
0
0
0
0
0
0
0
0
0
0
0
0
0
0
0
0
0
0
0
0
0
0
0
0
0
0
0
0
0
0
0
0
0
0
0
0
0
0
0
0
0
0
0
0
0
0
0
0
0
0
0
0
0
0
0
0.783019
0
0
0
0
0
0
0
0
0
0.00314465
0.00943396
0.0220126
0.00314465
0.00628931
0
0
0
0
0
0
0.00314465
0
0
0
0
0
0
0
0
0
0
0.0345912
0.13522
0
0
0
0
0
0
0
0
0.00314465
0.00314465
0
0.00628931
0.00314465
0.00943396
0.0125786
0.0125786
0.00628931
0.00628931
0.0345912
0.0880503
0.106918
0.072327
0.0471698
0.0660377
0.163522
0.213836
0.103774
0.0377358
0.00314465
0
0
0
0
0
0
0
0
0
0
0
0
0
0
0
0
0.0157233
0.00314465
0.0188679
0.0314465
0.0345912
0.119497
0.128931
0.0691824
0.144654
0.22327
0.144654
0.0566038
0.00943396
0
0
0
0
0
0
0
0
