1.74129
0.995025
0
0.995025
0
0
0
0
0
0
0
0.746269
1.99005
4.72637
10.199
6.96518
8.45771
7.71144
5.97015
5.72139
5.72139
3.23383
2.23881
3.23383
1.74129
2.48756
1.49254
4.22886
2.98507
3.73134
2.73632
0.248756
0.746269
1.49254
0
0
0
0
0
0.497512
0.497512
0.497512
2.23881
1.99005
1.99005
0
0
0
0
0
0
0.248756
0
0.248756
0.248756
0.248756
0.248756
0.497512
0.746269
0.995025
5.72139
5.47264
4.47761
5.22388
5.72139
5.47264
10.9453
10.4478
7.71144
5.47264
5.97015
4.47761
4.22886
1.49254
4.72637
4.22886
2.48756
0.746269
0.248756
0.248756
0
0
0.248756
0
0.248756
0.248756
0
0
0.248756
0.248756
0
0
0
0
0
0
0
0
0
0
0
0
0
0
0.995025
0.248756
0
0
0.995025
0.995025
0.995025
0.248756
0
1.74129
2.48756
1.99005
2.73632
1.24378
2.23881
4.22886
3.9801
3.9801
5.22388
8.45771
4.97512
4.97512
3.9801
5.97015
6.71642
7.46269
4.72637
4.47761
3.73134
5.47264
4.97512
0
0
0
0
0
0
0
0
0
0
0
0
0
0
0
0
0
0
0
0
0
0
0
0
0
0
0
0
0
0
0
0
0
0
0
0
0
0
0
0
0
0
0
0
0
0
0
0
0
0
0
0
0
0
0
0
0
0
0
0
0
0
0
0
0
0
0
0
0
0
0
0
0
0
0
0
0
0
0
0
0
0
0
0
0
0
0
0
0
0
0
0
0
0
0
0
0
0
0
0
0
0
0
0
0
0
0
0
29.7767
70.2232
0
0
0
0
0
0
0
0
0
0
0
0
0
0
0
0
0
0
0
0
0
0
0
0
0
0
0
0
0
0
0
0
0
0
0
0
0
0
0
0
0
0
0
0
0
0
0
0
0
0
0
0
0
0
0
0
0
0
0
0
0
0
0
0.724566
0
0
0
0
0
0
0
0.00496278
0.00744417
0.0124069
0.0297767
0.0694789
0.0645161
0.0148883
0
0
0
0
0.00248139
0.00744417
0.00248139
0
0
0
0
0
0
0
0
0
0
0.0173697
0.0421836
0
0
0
0
0
0
0
0
0
0.00248139
0.0148883
0.0148883
0.0124069
0.0322581
0.0322581
0.0347395
0.0545906
0.0645161
0.0818859
0.0769231
0.0595534
0.0248139
0.0297767
0.057072
0.116625
0.158809
0.0942928
0.0322581
0.00496278
0
0
0
0
0
0
0
0
0
0
0
0
0
0
0
0
0.0297767
0.0669975
0.0645161
0.0545906
0.121588
0.138958
0.0272953
0.0496278
0.0868486
0.188586
0.124069
0.0322581
0.0148883
0
0
0
0
0
0
0
0
