2.5641
2.02991
1.7094
0.961539
0.320513
0
0.534188
0.213675
0.961539
0.534188
0.106838
0
0.42735
2.02991
9.0812
6.41026
6.73077
7.47864
6.62393
6.08975
4.59402
3.31196
2.24359
3.09829
2.13675
2.13675
2.5641
2.5641
2.02991
2.5641
2.88461
2.35043
0.42735
0
0
0
0
0.213675
0.213675
0.534188
1.38889
2.5641
1.81624
2.99145
2.67094
0
0.320513
0.106838
0.106838
0.42735
0.42735
0.534188
0.42735
0.42735
1.28205
0.534188
0.106838
0.213675
0.747863
0.534188
0.961539
3.63248
9.0812
8.01282
8.54701
8.54701
6.83761
6.5171
4.70085
7.47864
7.79915
8.2265
6.83761
3.09829
0
0.106838
0.106838
0
0.42735
0.42735
0.320513
0.534188
0.106838
0.320513
0.106838
0.320513
0.213675
0.641026
0
0
0
0
0
0
0
0
0
0
0
0
0
0
0
0
0
0
2.13675
1.06838
0.854701
0.320513
0.961539
0.106838
0.320513
1.92308
3.4188
6.30342
8.01282
8.76068
4.48718
3.73932
3.52564
4.48718
2.99145
3.4188
2.99145
3.31196
3.4188
3.73932
4.91453
5.12821
5.23504
3.84615
4.59402
3.20513
2.88461
0
0
0
0
0
0
0
0
0
0
0
0
0
0
0
0
0
0
0
0
0
0
0
0
0
0
0
0
0
0
0
0
0
0
0
0
0
0
0
0
0
0
0
0
0
0
0
0
0
0
0
0
0
0
0
0
0
0
0
0
0
0
0
0
0
0
0
0
0
0
0
0
0
0
0
0
0
0
0
0
0
0
0
0
0
0
0
0
0
0
0
0
0
0
0
0
0
0
0
0
0
0
0
0
0
0
0
0
33.5113
66.4888
0
0
0
0
0
0
0
0
0
0
0
0
0
0
0
0
0
0
0
0
0
0
0
0
0
0
0
0
0
0
0
0
0
0
0
0
0
0
0
0
0
0
0
0
0
0
0
0
0
0
0
0
0
0
0
0
0
0
0
0
0
0
0
0.395945
0.00960512
0
0
0.0160085
0.304162
0.0106724
0.0106724
0.00747065
0.0160085
0.0128068
0.0341515
0.113127
0.0320171
0.00640341
0.00320171
0
0
0
0.00106724
0
0
0
0
0
0
0
0
0
0
0
0
0.00747065
0.0192102
0
0
0
0
0
0
0
0.00106724
0
0.00320171
0.00533618
0.00426894
0.0149413
0.0256137
0.0394877
0.0490928
0.0597652
0.0928495
0.0864461
0.0843116
0.0683031
0.0416222
0.0394877
0.0704376
0.0896478
0.0832444
0.0981857
0.0352188
0.00533618
0.00213447
0
0
0
0
0
0
0
0
0
0
0
0
0
0
0
0.11953
0.21238
0.144077
0.102455
0.0736393
0.0458911
0.0533618
0.0234792
0.0266809
0.0469584
0.104589
0.0384205
0.00853789
0
0
0
0
0
0
0
0
