0.209644
0.838574
1.04822
0.209644
0
0.628931
0.209644
0.209644
0
0
0
0
1.04822
2.72537
3.56394
6.49895
8.59538
13.2075
7.75681
11.74
6.91824
7.33752
5.24109
5.87002
2.30608
1.88679
2.51572
1.25786
1.04822
1.04822
0.419287
0.209644
0.209644
0
0.209644
0.419287
1.04822
0.628931
0.628931
0.209644
0.419287
0.209644
0
0.838574
0.838574
0
0
0
0.209644
0
0
0
0.209644
0
0.419287
2.30608
2.51572
3.56394
1.46751
6.28931
5.24109
4.40252
5.03145
4.61216
4.19287
5.03145
3.77358
3.3543
4.8218
6.07966
4.19287
5.24109
3.14465
5.24109
3.3543
2.51572
3.14465
3.77358
1.67715
2.72537
0.209644
0.419287
0
0.209644
0.209644
0
0.419287
0.209644
0
0
0
0
0
0
0
0
0
0
0
0
0
0
0
0.209644
1.25786
0.419287
0.209644
0.209644
1.04822
1.67715
1.46751
0
0
0.628931
1.46751
1.88679
3.3543
3.56394
6.07966
5.66038
6.49895
5.24109
7.12788
5.24109
6.07966
4.61216
6.70859
5.66038
5.45073
2.51572
3.56394
4.8218
3.14465
2.72537
1.67715
0
0
0
0
0
0
0
0
0
0
0
0
0
0
0
0
0
0
0
0
0
0
0
0
0
0
0
0
0
0
0
0
0
0
0
0
0
0
0
0
0
0
0
0
0
0
0
0
0
0
0
0
0
0
0
0
0
0
0
0
0
0
0
0
0
0
0
0
0
0
0
0
0
0
0
0
0
0
0
0
0
0
0
0
0
0
0
0
0
0
0
0
0
0
0
0
0
0
0
0
0
0
0
0
0
0
0
0
52.0921
47.908
0
0
0
0
0
0
0
0
0
0
0
0
0
0
0
0
0
0
0
0
0
0
0
0
0
0
0
0
0
0
0
0
0
0
0
0
0
0
0
0
0
0
0
0
0
0
0
0
0
0
0
0
0
0
0
0
0
0
0
0
0
0
0
0.506276
0.0083682
0
0
0
0
0
0.00209205
0.00627615
0.0125523
0.0041841
0.0564854
0.263598
0.0355649
0.00627615
0.00209205
0
0
0
0.0041841
0
0.00209205
0
0
0
0
0
0
0
0
0
0
0.0292887
0.0606695
0
0
0
0
0
0
0
0
0
0.00209205
0.0104603
0.0125523
0.0104603
0.0083682
0.0083682
0.0083682
0.0167364
0.0209205
0.0334728
0.0460251
0.0774059
0.0794979
0.144351
0.112971
0.121339
0.150628
0.0878661
0.0355649
0.00209205
0.0041841
0.0041841
0.00209205
0
0
0
0
0
0
0
0
0
0
0
0
0
0.0251046
0.0146444
0.039749
0.0564854
0.08159
0.125523
0.0648536
0.154812
0.125523
0.129707
0.133891
0.0313808
0.0125523
0.0041841
0
0
0
0
0
0
0
