1.26706
1.16959
0.779727
1.46199
0.974659
0.584795
0.487329
1.55945
0.974659
0.389864
0.292398
2.92398
1.85185
3.31384
3.50877
2.72905
3.70371
4.77583
6.04289
7.50488
8.28461
9.35673
9.25926
5.26316
3.41131
2.53411
1.16959
0.389864
0.292398
0.292398
0.389864
0
0.0974659
0
0.292398
0.584795
0.584795
0.682261
1.46199
0.974659
0.974659
1.75439
1.55945
2.04678
2.14425
0.0974659
0.194932
0.584795
0.292398
0.194932
0.0974659
0.194932
0.194932
0.194932
0.292398
0.194932
0.194932
0.194932
0.194932
4.19104
4.09357
3.89864
3.70371
4.8733
5.45809
6.92008
5.84796
6.14036
5.36063
6.72515
6.04289
5.45809
6.72515
7.40741
5.65303
4.48343
0.292398
0.0974659
0.194932
0.292398
0.194932
0.194932
0.292398
0.194932
0.194932
0.0974659
0.389864
0.292398
0.682261
0.584795
0
0
0
0
0
0
0
0
0
0
0
0
0
0
0
0.292398
0.292398
0.779727
1.36452
2.24172
0.877193
0.974659
0.779727
2.33918
3.9961
4.2885
5.94542
4.48343
5.75049
5.94542
8.08967
5.1657
4.2885
3.41131
4.5809
4.8733
4.38597
3.89864
4.09357
3.50877
4.19104
3.31384
2.63158
1.26706
2.04678
0
0
0
0
0
0
0
0
0
0
0
0
0
0
0
0
0
0
0
0
0
0
0
0
0
0
0
0
0
0
0
0
0
0
0
0
0
0
0
0
0
0
0
0
0
0
0
0
0
0
0
0
0
0
0
0
0
0
0
0
0
0
0
0
0
0
0
0
0
0
0
0
0
0
0
0
0
0
0
0
0
0
0
0
0
0
0
0
0
0
0
0
0
0
0
0
0
0
0
0
0
0
0
0
0
0
0
0
56.6696
43.3299
0
0
0
0
0
0
0
0
0
0
0
0
0
0
0
0
0
0
0
0
0
0
0
0
0
0
0
0
0
0
0
0
0
0
0
0
0
0
0
0
0
0
0
0
0
0
0
0
0
0
0
0
0
0
0
0
0
0
0
0
0
0
0
0.360273
0.0311587
0
0
0.0107108
0.359299
0.00584226
0.00778968
0.00778968
0.0107108
0.0136319
0.0311587
0.119766
0.00486855
0.00389484
0.00389484
0
0
0
0
0.00097371
0
0
0
0
0
0
0
0
0
0
0
0.00097371
0.0272639
0
0
0
0
0
0
0
0
0.00097371
0
0.00097371
0.00292113
0.00876339
0.0097371
0.00584226
0.00778968
0.0175268
0.0272639
0.0506329
0.0408958
0.0778968
0.108082
0.151899
0.152872
0.119766
0.0749757
0.0788705
0.0457644
0.0097371
0.00486855
0.00097371
0.00097371
0
0
0
0
0
0
0
0
0
0
0
0
0
0.0311587
0.317429
0.0769231
0.037001
0.0798442
0.0555015
0.0350536
0.111003
0.0691334
0.0516066
0.0788705
0.0428432
0.0126582
0.00097371
0
0
0
0
0
0
0
