0.303951
0.151976
0.607903
0.607903
0.151976
0
0
0
0
0
0
0
0.455927
2.12766
9.87842
9.72644
5.92705
6.231
8.51064
10.3343
8.05471
6.8389
5.16717
5.16717
3.19149
4.25532
2.27963
1.36778
2.27963
0.151976
0.759878
0
0
0
0
0
0
0
0
0
0.303951
1.06383
0.759878
1.36778
2.12766
0
0
0.151976
0.151976
0.303951
0.455927
0.455927
0.303951
0.455927
0.151976
0.151976
1.36778
3.64742
5.92705
5.0152
5.16717
4.86322
5.0152
4.10334
5.77507
5.6231
3.64742
4.25532
4.25532
3.49544
2.27963
3.34346
3.79939
4.71125
3.95137
3.49544
5.31915
3.64742
2.27963
0.607903
0.303951
0
0.151976
0.303951
0.303951
0.455927
0.455927
0
0
0
0
0
0
0
0
0
0
0
0
0
0
0
0.455927
0.455927
0.911854
0.455927
0.759878
0.607903
0.759878
1.06383
0.759878
0.455927
0
1.51976
1.97568
1.97568
2.43161
3.19149
3.03951
4.40729
5.92705
5.47112
6.68693
6.8389
8.81459
6.99088
6.53495
5.31915
5.31915
5.31915
3.64742
2.43161
3.49544
1.06383
1.06383
0
0
0
0
0
0
0
0
0
0
0
0
0
0
0
0
0
0
0
0
0
0
0
0
0
0
0
0
0
0
0
0
0
0
0
0
0
0
0
0
0
0
0
0
0
0
0
0
0
0
0
0
0
0
0
0
0
0
0
0
0
0
0
0
0
0
0
0
0
0
0
0
0
0
0
0
0
0
0
0
0
0
0
0
0
0
0
0
0
0
0
0
0
0
0
0
0
0
0
0
0
0
0
0
0
0
0
0
21.8513
78.149
0
0
0
0
0
0
0
0
0
0
0
0
0
0
0
0
0
0
0
0
0
0
0
0
0
0
0
0
0
0
0
0
0
0
0
0
0
0
0
0
0
0
0
0
0
0
0
0
0
0
0
0
0
0
0
0
0
0
0
0
0
0
0
0.3217
0.0060698
0
0
0.00455235
0.400607
0.00151745
0.0030349
0.0060698
0
0.0060698
0.00758725
0.101669
0.0242792
0.00758725
0.0030349
0
0
0
0
0
0
0
0
0
0
0
0
0
0
0
0
0.016692
0.0895296
0
0
0
0
0
0
0
0
0.00151745
0.00151745
0.00151745
0.0060698
0.0030349
0.0060698
0.0091047
0.0060698
0.0273141
0.0531108
0.0728376
0.110774
0.0955994
0.0561457
0.0561457
0.138088
0.150228
0.116844
0.0485584
0.0333839
0.0030349
0.00151745
0.00151745
0
0
0
0
0
0
0
0
0
0
0
0
0
0
0.047041
0.292868
0.109256
0.0971168
0.0849772
0.07739
0.0136571
0.0151745
0.0576631
0.116844
0.0546282
0.0288316
0.00455235
0
0
0
0
0
0
0
0
