1.28755
1.43062
1.50215
1.64521
0.858369
1.57368
2.36052
2.28899
3.79113
4.43491
3.7196
3.43348
3.43348
2.50358
2.93276
1.78827
1.8598
1.43062
1.07296
1.43062
1.64521
2.28899
4.43491
3.21889
3.36195
2.14592
1.35908
0.858369
1.57368
1.8598
2.64664
2.93276
3.64807
3.57654
3.57654
2.36052
3.07582
2.07439
1.21602
1.50215
1.00143
1.35908
1.71674
0.786838
1.07296
2.93276
0.357654
0.143062
0
0.0715308
0
0.0715308
0.143062
0.143062
0.143062
0.143062
0
0
0.0715308
0.0715308
0
0.143062
0
0
0.143062
11.3734
16.9528
27.5394
21.8169
14.8068
0.0715308
0.143062
0.143062
0
0
0
0.0715308
0
0
0
0.143062
0
0
0.143062
0.143062
0
0
0.0715308
0.214592
1.8598
0
0
0
0
0
0
0
0
0
0
0
0
0
0
0
0
0
0
0
0
0.429185
2.57511
1.07296
8.08298
9.01288
8.15451
6.86696
6.22318
6.36624
4.29185
6.15165
3.64807
4.36338
4.00572
3.07582
2.93276
2.28899
2.71817
1.93133
2.14592
1.78827
1.8598
2.36052
3.86266
3.86266
0
0
0
0
0
0
0
0
0
0
0
0
0
0
0
0
0
0
0
0
0
0
0
0
0
0
0
0
0
0
0
0
0
0
0
0
0
0
0
0
0
0
0
0
0
0
0
0
0
0
0
0
0
0
0
0
0
0
0
0
0
0
0
0
0
0
0
0
0
0
0
0
0
0
0
0
0
0
0
0
0
0
0
0
0
0
0
0
0
0
0
0
0
0
0
0
0
0
0
0
0
0
0
0
0
0
0
0
44.9608
55.0394
0
0
0
0
0
0
0
0
0
0
0
0
0
0
0
0
0
0
0
0
0
0
0
0
0
0
0
0
0
0
0
0
0
0
0
0
0
0
0
0
0
0
0
0
0
0
0
0
0
0
0
0
0
0
0
0
0
0
0
0
0
0
0
0.140815
0.0157255
0
0.000714796
0.0328806
0.207291
0.00643317
0.00500357
0.00714796
0.00643317
0.0128663
0.0450322
0.125804
0.0293066
0.00643317
0.00500357
0
0
0.00214439
0.33238
0.0178699
0
0
0
0
0
0
0
0
0
0
0
0
0.000714796
0
0
0
0
0
0
0
0
0.000714796
0.00285919
0.00500357
0.00929235
0.0100071
0.0121515
0.0114367
0.0135811
0.0157255
0.0207291
0.0321658
0.0764832
0.0721944
0.0922087
0.100786
0.073624
0.0428878
0.0250179
0.0207291
0.0157255
0.0243031
0.0450322
0.162259
0.10436
0.0107219
0
0
0
0
0
0
0
0
0
0
0
0
0.038599
0.190136
0.0764832
0.0621873
0.105075
0.0478914
0.0486061
0.110793
0.210865
0.0729092
0.0285919
0.00714796
0
0
0.000714796
0
0
0
0
0
0
