1.51515
0.688705
0.826446
1.10193
1.92837
1.10193
1.10193
1.92837
1.51515
1.65289
2.75482
2.20386
1.10193
1.10193
1.92837
1.23967
5.50964
4.6832
6.61157
7.30028
8.67769
4.95868
4.13223
3.99449
2.20386
2.47934
1.37741
0.413223
0.275482
0.688705
0.413223
0.550964
0.550964
0.550964
1.65289
1.23967
2.89256
2.06612
1.79063
2.47934
1.79063
0.688705
0.964187
2.47934
3.0303
0.826446
0.275482
0.413223
0.137741
0.137741
0.137741
0
0
0
0.137741
0
0.275482
0
0
0.137741
0.413223
0
13.9118
8.12672
8.81543
8.67769
9.77962
6.61157
6.19835
7.43802
9.36639
8.53995
7.43802
0
0.137741
0.137741
0
0.137741
0.137741
0.275482
0
0
0
0
0.275482
0.137741
0
0.275482
0.275482
0.550964
0
0
0
0
0
0
0
0
0
0
0
0
0
0
0
0
0
0
0.550964
1.10193
0.964187
0.826446
0.413223
1.65289
2.89256
5.78513
6.88705
4.95868
5.3719
5.64738
3.71901
4.95868
5.50964
4.6832
4.82094
5.50964
4.13223
4.54546
4.26997
3.58127
2.3416
1.10193
2.75482
4.40771
6.74931
0
0
0
0
0
0
0
0
0
0
0
0
0
0
0
0
0
0
0
0
0
0
0
0
0
0
0
0
0
0
0
0
0
0
0
0
0
0
0
0
0
0
0
0
0
0
0
0
0
0
0
0
0
0
0
0
0
0
0
0
0
0
0
0
0
0
0
0
0
0
0
0
0
0
0
0
0
0
0
0
0
0
0
0
0
0
0
0
0
0
0
0
0
0
0
0
0
0
0
0
0
0
0
0
0
0
0
0
66.9874
33.0124
0
0
0
0
0
0
0
0
0
0
0
0
0
0
0
0
0
0
0
0
0
0
0
0
0
0
0
0
0
0
0
0
0
0
0
0
0
0
0
0
0
0
0
0
0
0
0
0
0
0
0
0
0
0
0
0
0
0
0
0
0
0
0
0.339752
0.0165062
0
0
0.00137552
0.434663
0.00412655
0.00962861
0.00687758
0.0178817
0.0508941
0.0618982
0.00550206
0.00137552
0
0
0
0
0
0
0
0
0
0
0
0
0
0
0
0
0
0
0.00825309
0.0412655
0
0
0
0
0
0
0
0
0
0.00137552
0.00137552
0.00412655
0.00137552
0.00137552
0.00275103
0.00962861
0.0178817
0.0123796
0.0206327
0.0343879
0.0646492
0.110041
0.0756534
0.152682
0.105915
0.127923
0.121045
0.100413
0.0247593
0.00550206
0.00275103
0.00137552
0
0
0
0
0
0
0
0
0
0
0
0
0
0.0261348
0.345254
0.0949106
0.0192572
0.0137552
0.0371389
0.0632737
0.0316369
0.0357634
0.0618982
0.162311
0.104539
0.00412655
0
0
0
0
0
0
0
0
