0
0
0.828157
0.621118
1.65631
0.621118
0.207039
1.24224
0
0.414079
0
0.207039
0.207039
1.0352
3.51967
8.90269
11.3872
10.9731
10.352
7.24638
8.90269
6.00414
6.00414
4.96894
5.17598
3.72671
1.65631
0.621118
0.621118
0.621118
0.207039
0
0
0
0
0
0
0
0
0.207039
0.414079
0.414079
0.207039
0.414079
0.621118
0
0.414079
0.207039
0.207039
0
0.207039
0.207039
0.207039
0.414079
1.86335
2.69151
2.69151
2.69151
4.7619
3.72671
2.89855
4.55487
3.93375
6.00414
6.00414
4.7619
3.51967
3.51967
3.93375
2.48447
4.14079
3.93375
3.72671
2.07039
2.89855
3.72671
6.00414
4.7619
2.89855
1.0352
1.0352
0.414079
0.414079
0
0.414079
0.207039
0.207039
0.414079
0
0
0
0
0
0
0
0
0
0
0
0
0.621118
0.621118
1.0352
1.65631
1.65631
2.48447
2.27743
1.24224
1.44928
0.828157
0.207039
0.207039
0
0.828157
0.621118
2.07039
2.07039
2.89855
3.93375
7.24638
9.10973
6.8323
5.17598
6.00414
5.17598
4.34783
6.00414
2.89855
2.89855
4.55487
2.48447
3.72671
3.72671
1.24224
2.07039
0
0
0
0
0
0
0
0
0
0
0
0
0
0
0
0
0
0
0
0
0
0
0
0
0
0
0
0
0
0
0
0
0
0
0
0
0
0
0
0
0
0
0
0
0
0
0
0
0
0
0
0
0
0
0
0
0
0
0
0
0
0
0
0
0
0
0
0
0
0
0
0
0
0
0
0
0
0
0
0
0
0
0
0
0
0
0
0
0
0
0
0
0
0
0
0
0
0
0
0
0
0
0
0
0
0
0
0
40.0827
59.9174
0
0
0
0
0
0
0
0
0
0
0
0
0
0
0
0
0
0
0
0
0
0
0
0
0
0
0
0
0
0
0
0
0
0
0
0
0
0
0
0
0
0
0
0
0
0
0
0
0
0
0
0
0
0
0
0
0
0
0
0
0
0
0
0.473141
0.0165289
0
0
0
0
0
0.00619835
0.00206612
0.00206612
0.00826446
0.0289256
0.309917
0.0681818
0.00826446
0
0
0
0
0
0
0.00206612
0
0
0
0
0
0
0
0
0
0
0.0206612
0.053719
0
0
0
0
0
0
0
0
0.00206612
0
0.00206612
0.00206612
0.00413223
0.00413223
0.0103306
0.0144628
0.0247934
0.0165289
0.0206612
0.0227273
0.0909091
0.126033
0.0847107
0.0826446
0.113636
0.181818
0.132231
0.0495868
0.00826446
0
0.00413223
0.00206612
0
0
0
0
0
0
0
0
0
0
0
0
0
0.00619835
0.0247934
0.0268595
0.0371901
0.140496
0.142562
0.053719
0.0640496
0.154959
0.169421
0.130165
0.0371901
0.0103306
0.00206612
0
0
0
0
0
0
0
