1.13754
1.13754
0.723888
0.620476
1.24095
0.827301
0.206825
1.13754
1.34436
1.44778
2.06825
3.92968
3.20579
3.10238
2.06825
3.3092
3.51603
2.99897
4.23992
5.79111
7.65253
6.30817
8.37642
6.515
7.3423
3.92968
2.4819
1.24095
0.517063
0.41365
0.723888
0.517063
0.206825
0
0.103413
0.41365
0.103413
0.41365
0.310238
0.517063
1.34436
1.03413
2.37849
1.86143
1.34436
0.620476
0.310238
0.103413
0
0.103413
0.206825
0.206825
0.310238
0.41365
0.310238
0.206825
0.310238
0
1.13754
4.1365
4.23992
3.61944
5.06722
4.34333
5.37746
5.79111
5.58428
4.86039
4.03309
4.44674
5.27404
4.75698
5.27404
5.48087
6.72182
7.54912
2.37849
0.206825
0.103413
0.310238
0.206825
0.206825
0.517063
0.41365
0.620476
0.620476
0.206825
0.310238
0.930714
2.27508
0
0
0
0
0
0
0
0
0
0
0
0
0
0.206825
0
0.206825
1.86143
1.96484
1.55119
0.620476
0.930714
0.620476
0.41365
0.723888
2.99897
4.1365
4.75698
2.89555
5.58428
4.75698
6.515
7.03206
3.51603
3.41262
6.10134
5.58428
4.23992
6.10134
4.03309
4.1365
3.92968
3.10238
3.72285
2.17166
2.27508
0
0
0
0
0
0
0
0
0
0
0
0
0
0
0
0
0
0
0
0
0
0
0
0
0
0
0
0
0
0
0
0
0
0
0
0
0
0
0
0
0
0
0
0
0
0
0
0
0
0
0
0
0
0
0
0
0
0
0
0
0
0
0
0
0
0
0
0
0
0
0
0
0
0
0
0
0
0
0
0
0
0
0
0
0
0
0
0
0
0
0
0
0
0
0
0
0
0
0
0
0
0
0
0
0
0
0
0
80.3713
19.6281
0
0
0
0
0
0
0
0
0
0
0
0
0
0
0
0
0
0
0
0
0
0
0
0
0
0
0
0
0
0
0
0
0
0
0
0
0
0
0
0
0
0
0
0
0
0
0
0
0
0
0
0
0
0
0
0
0
0
0
0
0
0
0
0.375
0.0134298
0
0
0.00103306
0.360537
0.00413223
0.00723141
0.00413223
0.00309917
0.0134298
0.0154959
0.129132
0.0299587
0.00309917
0
0
0
0
0
0
0
0
0
0
0
0
0
0
0
0
0
0.00723141
0.0330578
0
0
0
0
0
0
0
0
0.00206612
0.00309917
0.00413223
0.00516529
0.00826446
0.0113636
0.0165289
0.0237603
0.0423554
0.0661157
0.0702479
0.089876
0.0692149
0.0619835
0.089876
0.127066
0.0847107
0.088843
0.0867769
0.036157
0.0103306
0
0.00103306
0.00103306
0
0
0
0
0
0
0
0
0
0
0
0
0
0.114669
0.230372
0.107438
0.0991736
0.0485537
0.035124
0.0506198
0.0702479
0.0423554
0.071281
0.0805785
0.0444215
0.00516529
0
0
0
0
0
0
0
0
