2.02991
1.38889
0.854701
0.42735
0.534188
0.747863
0.961539
1.81624
1.92308
2.5641
1.49573
1.92308
2.5641
3.4188
2.24359
2.35043
2.77778
3.52564
5.12821
5.66239
8.2265
7.58547
8.44017
7.69231
3.09829
3.31196
1.49573
0.641026
0.641026
0.320513
0.42735
0.213675
0.534188
0
0.106838
0.213675
1.17521
0.961539
0.42735
0.747863
1.38889
2.24359
2.13675
2.5641
1.17521
0.534188
0
0.213675
0
0.106838
0
0.213675
0.106838
0.641026
0.641026
0.534188
0.42735
0.534188
0.534188
0.747863
6.94445
4.70085
3.52564
7.26496
6.19658
7.15812
7.05128
5.44872
5.76923
6.73077
5.23504
6.41026
5.23504
5.12821
6.94445
0.854701
0
0.320513
0.534188
0.42735
0.320513
0.106838
0.106838
0.213675
0.213675
0.106838
0.213675
0.320513
0.42735
0.961539
0
0
0
0
0
0
0
0
0
0
0
0
0
0
0
0
0.42735
0.961539
1.17521
1.28205
1.38889
3.52564
0.213675
2.35043
6.41026
5.55556
5.12821
6.19658
5.12821
7.26496
5.98291
3.63248
5.55556
3.73932
4.2735
4.16667
3.52564
3.20513
3.31196
2.5641
2.35043
2.67094
2.35043
3.31196
2.45726
0
0
0
0
0
0
0
0
0
0
0
0
0
0
0
0
0
0
0
0
0
0
0
0
0
0
0
0
0
0
0
0
0
0
0
0
0
0
0
0
0
0
0
0
0
0
0
0
0
0
0
0
0
0
0
0
0
0
0
0
0
0
0
0
0
0
0
0
0
0
0
0
0
0
0
0
0
0
0
0
0
0
0
0
0
0
0
0
0
0
0
0
0
0
0
0
0
0
0
0
0
0
0
0
0
0
0
0
65.5283
34.4718
0
0
0
0
0
0
0
0
0
0
0
0
0
0
0
0
0
0
0
0
0
0
0
0
0
0
0
0
0
0
0
0
0
0
0
0
0
0
0
0
0
0
0
0
0
0
0
0
0
0
0
0
0
0
0
0
0
0
0
0
0
0
0
0.155816
0.0202775
0
0
0.00426894
0.391676
0.0117396
0.00640341
0.00213447
0.00960512
0.0117396
0.0458911
0.309498
0.0160085
0.00640341
0.00106724
0
0
0
0.00106724
0.00106724
0
0
0
0
0
0
0
0
0
0
0
0
0.00533618
0
0
0
0
0
0
0
0
0.00106724
0.00213447
0.00213447
0.00320171
0.00320171
0.00426894
0.00960512
0.00853789
0.0202775
0.0149413
0.0309498
0.0501601
0.0811099
0.135539
0.211313
0.183565
0.0832444
0.054429
0.040555
0.0266809
0.0202775
0.00533618
0.00320171
0.00320171
0.00106724
0
0
0
0
0
0
0
0
0
0
0
0
0.0234792
0.354322
0.0779082
0.0309498
0.0821772
0.108858
0.0939168
0.0992529
0.040555
0.0288154
0.0341515
0.0149413
0.00640341
0.00106724
0.00320171
0
0
0
0
0
0
