0.949796
1.76391
2.03528
0.949796
0.949796
1.22117
1.35685
1.22117
1.22117
1.35685
1.08548
1.62822
2.30665
1.22117
1.22117
1.49254
3.93487
4.88467
7.59837
6.10583
5.29172
5.69878
4.47761
4.74898
4.20624
0.814111
0.542741
0.27137
0.814111
0.542741
0.27137
0.135685
1.22117
1.49254
1.76391
1.35685
1.89959
2.03528
1.08548
1.76391
2.7137
3.6635
3.6635
2.98507
2.17096
0
0
0
0.135685
0.27137
0
0
0
0
0.27137
0
0.135685
0.27137
0
0.27137
0.135685
0
0.407056
3.52782
12.6187
10.8548
10.0407
12.8901
14.2469
17.6391
11.5332
2.7137
0
0.135685
0.135685
0
0
0.407056
0.407056
0
0
0
0.135685
0
0.407056
0.27137
0.135685
0.135685
0
0
0
0
0
0
0
0
0
0
0
0
0
0
0
0
0
0
0
0
0
0
0.949796
1.89959
0.407056
2.17096
7.19131
4.88467
3.93487
4.20624
4.07056
3.25644
3.79919
5.42741
4.6133
3.93487
2.98507
3.93487
4.74898
4.47761
3.6635
4.74898
3.6635
4.34193
2.17096
6.10583
8.54816
0
0
0
0
0
0
0
0
0
0
0
0
0
0
0
0
0
0
0
0
0
0
0
0
0
0
0
0
0
0
0
0
0
0
0
0
0
0
0
0
0
0
0
0
0
0
0
0
0
0
0
0
0
0
0
0
0
0
0
0
0
0
0
0
0
0
0
0
0
0
0
0
0
0
0
0
0
0
0
0
0
0
0
0
0
0
0
0
0
0
0
0
0
0
0
0
0
0
0
0
0
0
0
0
0
0
0
0
39.702
60.2982
0
0
0
0
0
0
0
0
0
0
0
0
0
0
0
0
0
0
0
0
0
0
0
0
0
0
0
0
0
0
0
0
0
0
0
0
0
0
0
0
0
0
0
0
0
0
0
0
0
0
0
0
0
0
0
0
0
0
0
0
0
0
0
0.350949
0.0108401
0
0
0.00406504
0.455285
0.00271003
0.00813008
0.00677507
0.0149051
0.0338753
0.0840108
0.00677507
0.00271003
0.00135501
0
0
0
0
0
0
0
0
0
0
0
0
0
0
0
0
0
0.00406504
0.0135501
0
0
0
0
0
0
0
0
0
0
0.00135501
0.00406504
0.00406504
0.00542005
0.00948509
0.0121951
0.0162602
0.0135501
0.0352304
0.0514905
0.0948509
0.0731707
0.0718157
0.162602
0.100271
0.113821
0.140921
0.0623306
0.0230352
0.00271003
0
0.00135501
0
0
0
0
0
0
0
0
0
0
0
0
0
0.0365854
0.349593
0.108401
0.0311653
0.0216802
0.0325203
0.0636856
0.0271003
0.0325203
0.0609756
0.134146
0.0948509
0.00677507
0
0
0
0
0
0
0
0
