2.01945
1.3463
2.01945
2.16903
1.79506
1.64547
1.04712
1.2715
2.24383
1.42109
1.2715
1.57068
1.72027
2.24383
2.09424
2.84218
3.06657
3.59013
3.44054
2.84218
1.49589
1.49589
3.14136
3.06657
3.81451
4.56245
5.38519
2.91698
1.12191
0.373972
0.224383
0.224383
0.373972
0.598355
1.2715
2.54301
2.6178
2.39342
4.93642
4.26328
3.29095
2.09424
2.91698
1.64547
1.64547
0.299177
0.224383
0.299177
0.0747943
0
0.224383
0.149589
0.373972
0.149589
0.149589
0.224383
0.224383
0.299177
0
0.224383
0.0747943
0.0747943
0
0
0.149589
0.224383
29.3195
22.2888
40.0151
2.54301
0.149589
0.0747943
0.149589
0.0747943
0.0747943
0.299177
0.149589
0.0747943
0.0747943
0.224383
0.0747943
0.149589
0.149589
0.149589
0
0.149589
0
0.0747943
0.224383
0.149589
0
0
0
0
0
0
0
0
0
0
0
0
0
0
0
0
0
0
0
0
0
3.06657
1.49589
8.67614
9.72327
8.52655
7.10546
6.28272
6.5071
4.93642
4.11369
3.73971
3.44054
2.39342
2.31862
3.21615
2.31862
2.24383
2.16903
2.16903
2.76739
2.69259
3.21615
2.84218
4.11369
0
0
0
0
0
0
0
0
0
0
0
0
0
0
0
0
0
0
0
0
0
0
0
0
0
0
0
0
0
0
0
0
0
0
0
0
0
0
0
0
0
0
0
0
0
0
0
0
0
0
0
0
0
0
0
0
0
0
0
0
0
0
0
0
0
0
0
0
0
0
0
0
0
0
0
0
0
0
0
0
0
0
0
0
0
0
0
0
0
0
0
0
0
0
0
0
0
0
0
0
0
0
0
0
0
0
0
0
46.1133
53.886
0
0
0
0
0
0
0
0
0
0
0
0
0
0
0
0
0
0
0
0
0
0
0
0
0
0
0
0
0
0
0
0
0
0
0
0
0
0
0
0
0
0
0
0
0
0
0
0
0
0
0
0
0
0
0
0
0
0
0
0
0
0
0
0.149477
0.0171898
0
0
0.00822123
0.243647
0.00597907
0.00298954
0.00224215
0.00523169
0.00597907
0.0216741
0.140508
0.0306427
0.00298954
0.00149477
0
0
0.00523169
0.331091
0.0134529
0
0
0
0
0
0
0
0
0
0
0
0.00149477
0.0104634
0
0
0
0
0
0
0
0
0.00373692
0.00298954
0.00523169
0.00747384
0.0142003
0.0119581
0.0156951
0.0239163
0.0358744
0.0493274
0.0500747
0.0568012
0.0695067
0.0710015
0.0575486
0.0695067
0.0381166
0.0321375
0.0239163
0.0201794
0.019432
0.0366218
0.134529
0.139013
0.0112108
0
0
0
0
0
0
0
0
0
0
0
0
0.0807175
0.173393
0.0896861
0.0747384
0.0702541
0.0702541
0.0366218
0.0665172
0.215247
0.0866966
0.0269058
0.00822123
0.000747384
0
0
0
0
0
0
0
0
