0.761035
0.304414
0.152207
0.608828
0.152207
0.304414
0
0.304414
0
0.456621
0.304414
0.304414
0.913242
2.73973
1.52207
3.50076
10.8067
8.828
8.06697
10.5023
9.43683
7.91476
8.06697
4.56621
4.414
3.34855
1.52207
1.06545
0.608828
0.304414
0.304414
0
0
0.152207
0
0
0.152207
0.152207
0
0.608828
0
0.456621
1.97869
2.1309
2.43531
0
0.152207
0.304414
0.456621
0
0.152207
0.304414
0.152207
0.152207
0.304414
0.152207
1.52207
3.04414
6.24048
6.6971
4.56621
3.50076
2.89193
3.80517
2.58752
4.414
3.65297
4.87062
4.26179
6.08828
5.02283
6.84931
4.10959
4.10959
3.50076
3.65297
5.47945
3.19635
2.2831
0.304414
0.152207
0.152207
0.152207
0
0.304414
0.304414
0
0
0.304414
0
0
0
0
0
0
0
0
0
0
0
0
0
0
0
0.152207
0
0.304414
0.761035
0.913242
1.21766
0.913242
0.456621
0.608828
2.2831
1.52207
3.50076
2.89193
3.04414
4.87062
7.61035
7.15373
7.91476
7.61035
6.84931
5.78386
5.93607
3.34855
4.71842
3.65297
2.73973
3.34855
1.97869
3.34855
2.2831
2.43531
0
0
0
0
0
0
0
0
0
0
0
0
0
0
0
0
0
0
0
0
0
0
0
0
0
0
0
0
0
0
0
0
0
0
0
0
0
0
0
0
0
0
0
0
0
0
0
0
0
0
0
0
0
0
0
0
0
0
0
0
0
0
0
0
0
0
0
0
0
0
0
0
0
0
0
0
0
0
0
0
0
0
0
0
0
0
0
0
0
0
0
0
0
0
0
0
0
0
0
0
0
0
0
0
0
0
0
0
82.3714
17.6292
0
0
0
0
0
0
0
0
0
0
0
0
0
0
0
0
0
0
0
0
0
0
0
0
0
0
0
0
0
0
0
0
0
0
0
0
0
0
0
0
0
0
0
0
0
0
0
0
0
0
0
0
0
0
0
0
0
0
0
0
0
0
0
0.326748
0.0106383
0
0
0.00911854
0.425532
0.00607903
0.00151976
0.00607903
0.00607903
0.00607903
0.0121581
0.0790274
0.0258359
0.00759878
0.00455927
0
0
0
0
0.00151976
0
0
0
0
0
0
0
0
0
0
0
0.0182371
0.0531915
0
0
0
0
0
0
0
0
0.00151976
0.00151976
0.00151976
0.00455927
0
0.00455927
0.00455927
0.00303951
0.0151976
0.0334347
0.0592705
0.056231
0.0805471
0.0851064
0.0851064
0.18997
0.12462
0.144377
0.0638298
0.0288754
0.00759878
0
0.00151976
0.00303951
0
0
0
0
0
0
0
0
0
0
0
0
0
0.0319149
0.340426
0.106383
0.0881459
0.0319149
0.0151976
0.0516717
0.0653495
0.0547112
0.110942
0.0683891
0.0273556
0.00607903
0.00151976
0
0
0
0
0
0
0
