0.532623
1.33156
0.266312
0.532623
1.73103
0.399467
0.798935
1.99734
0.932091
0.266312
0.266312
0.399467
1.1984
1.73103
6.39148
8.78828
7.72304
7.45673
6.12517
5.32623
5.85886
3.99467
3.19574
1.86418
2.66312
2.26365
1.46471
3.46205
3.3289
3.86152
3.06258
2.26365
0.798935
0.266312
0.932091
0.798935
0.266312
0
0
0
0.266312
0.798935
1.99734
1.46471
1.06525
0.133156
0.133156
0.133156
0
0
0
0
0
0
0
0.133156
0.532623
0.932091
1.99734
2.79627
3.72836
3.72836
5.05992
5.05992
5.99201
6.12517
7.72304
8.92144
7.58988
8.25566
5.59254
5.05992
4.39414
4.66045
4.79361
2.3968
1.06525
0.133156
0
0.399467
0
0
0.133156
0.133156
0.133156
0
0
0
0
2.26365
0
0
0
0
0
0
0
0
0
0
0
0
0
0
0.133156
0.133156
0
0
0
0
0
0
0
0
0
1.86418
3.06258
2.3968
4.79361
4.26099
2.26365
3.86152
2.92943
3.46205
4.12783
3.99467
5.85886
5.19308
7.19041
4.92676
5.7257
8.1225
8.38882
7.85619
9.58722
0
0
0
0
0
0
0
0
0
0
0
0
0
0
0
0
0
0
0
0
0
0
0
0
0
0
0
0
0
0
0
0
0
0
0
0
0
0
0
0
0
0
0
0
0
0
0
0
0
0
0
0
0
0
0
0
0
0
0
0
0
0
0
0
0
0
0
0
0
0
0
0
0
0
0
0
0
0
0
0
0
0
0
0
0
0
0
0
0
0
0
0
0
0
0
0
0
0
0
0
0
0
0
0
0
0
0
0
68.8834
31.117
0
0
0
0
0
0
0
0
0
0
0
0
0
0
0
0
0
0
0
0
0
0
0
0
0
0
0
0
0
0
0
0
0
0
0
0
0
0
0
0
0
0
0
0
0
0
0
0
0
0
0
0
0
0
0
0
0
0
0
0
0
0
0
0.416223
0.00398936
0
0
0.0146277
0.321809
0.00398936
0.00797872
0.00398936
0.0106383
0.0172872
0.037234
0.121011
0.00930851
0.00797872
0.00132979
0
0
0
0
0
0
0
0
0
0
0
0
0
0
0
0
0.00132979
0.0212766
0
0
0
0
0
0
0
0
0.00265957
0.00664894
0.00664894
0.0159574
0.0106383
0.00531915
0.0146277
0.018617
0.018617
0.0465426
0.0678191
0.0851064
0.099734
0.0797872
0.0771277
0.0917553
0.087766
0.107713
0.0957447
0.0505319
0.00398936
0.00398936
0.00265957
0
0
0
0
0
0
0
0
0
0
0
0
0
0
0.0904255
0.218085
0.106383
0.0704787
0.0837766
0.0226064
0.0904255
0.0478723
0.0319149
0.0704787
0.0984043
0.0598404
0.00930851
0
0
0
0
0
0
0
0
