1.30719
0.87146
0.43573
0
0.653595
1.08932
0.87146
0.43573
0
0
0
0.217865
0
3.48584
10.8932
10.6754
6.75381
8.061
6.31808
6.31808
6.75381
3.26797
3.92157
1.74292
2.61438
4.3573
4.13943
1.52505
1.30719
1.08932
0.43573
0.217865
0
0
0.217865
0
0.217865
0.43573
0.217865
1.74292
0.87146
1.52505
1.96078
1.30719
1.96078
0
0
0
0.217865
0.43573
0.43573
0.43573
1.08932
0.87146
0.217865
0
0.217865
0
0.217865
2.17865
6.75381
5.88235
6.53595
5.01089
5.66449
5.01089
6.75381
6.97168
5.01089
5.44662
5.44662
4.79303
7.40741
7.18954
6.10022
1.08932
0
0.43573
0.653595
0.217865
0
0.653595
0.43573
0
0.217865
0
0.217865
0
0
0
0
0
0
0
0
0
0
0
0
0
0
0
0
0
0.217865
0.43573
2.17865
1.08932
1.74292
0.653595
0.653595
0.217865
0.43573
1.74292
2.39651
2.61438
3.26797
2.39651
4.3573
6.10022
6.10022
5.88235
4.57516
5.66449
5.66449
3.92157
6.53595
3.48584
3.26797
2.83224
4.3573
3.7037
4.3573
3.92157
5.44662
0
0
0
0
0
0
0
0
0
0
0
0
0
0
0
0
0
0
0
0
0
0
0
0
0
0
0
0
0
0
0
0
0
0
0
0
0
0
0
0
0
0
0
0
0
0
0
0
0
0
0
0
0
0
0
0
0
0
0
0
0
0
0
0
0
0
0
0
0
0
0
0
0
0
0
0
0
0
0
0
0
0
0
0
0
0
0
0
0
0
0
0
0
0
0
0
0
0
0
0
0
0
0
0
0
0
0
0
63.0436
36.9566
0
0
0
0
0
0
0
0
0
0
0
0
0
0
0
0
0
0
0
0
0
0
0
0
0
0
0
0
0
0
0
0
0
0
0
0
0
0
0
0
0
0
0
0
0
0
0
0
0
0
0
0
0
0
0
0
0
0
0
0
0
0
0
0.558696
0.00869565
0
0
0.00869565
0.358696
0
0
0
0
0
0
0.00434783
0.00217391
0
0
0
0
0
0
0
0.00217391
0
0
0
0
0
0
0
0
0
0
0.0108696
0.0456522
0
0
0
0
0
0
0
0
0.00434783
0.00217391
0
0
0
0.00652174
0.00217391
0.00217391
0.00217391
0.00869565
0.0152174
0.023913
0.0478261
0.104348
0.0913043
0.182609
0.167391
0.156522
0.121739
0.026087
0.023913
0.00434783
0.00434783
0.00217391
0
0
0
0
0
0
0
0
0
0
0
0
0
0.023913
0.243478
0.108696
0.00869565
0.0173913
0.0304348
0.0978261
0.0826087
0.076087
0.123913
0.126087
0.0478261
0.00652174
0
0.00652174
0
0
0
0
0
0
