1.06724
1.38741
0.853789
0.533618
0.320171
1.8143
1.06724
1.38741
1.49413
1.38741
1.28068
1.28068
2.56137
2.98826
2.88154
3.84205
3.41515
4.48239
3.73532
6.51014
7.15049
8.21772
5.4429
4.16222
3.84205
2.45464
2.66809
1.06724
0.640342
0.640342
0.426894
0.426894
0
0.106724
0
0.426894
0.533618
0.747065
0.853789
0.533618
1.06724
2.77481
5.12273
3.94877
2.56137
0.426894
0.320171
0.213447
0.426894
0
0
0
0.533618
0.213447
0.426894
0.213447
0.213447
0.213447
0.106724
0.640342
0.426894
0.213447
6.72359
9.28496
8.75134
6.72359
9.81858
10.1388
11.8463
8.53789
6.83031
7.47066
6.08325
0.213447
0
0.426894
0.213447
0.320171
0.106724
0.106724
0.213447
0.106724
0.320171
0.106724
0
0.106724
0.106724
0.213447
0.426894
0.320171
0
0
0
0
0
0
0
0
0
0
0
0
0
0
0
0
0
0.106724
0.213447
1.38741
2.02775
1.38741
0.960512
3.30843
5.54963
7.25721
7.36393
7.25721
5.33618
6.18997
5.4429
4.90929
4.48239
3.73532
3.6286
3.6286
3.84205
3.30843
3.52188
2.34792
2.77481
2.45464
3.20171
2.02775
2.45464
0
0
0
0
0
0
0
0
0
0
0
0
0
0
0
0
0
0
0
0
0
0
0
0
0
0
0
0
0
0
0
0
0
0
0
0
0
0
0
0
0
0
0
0
0
0
0
0
0
0
0
0
0
0
0
0
0
0
0
0
0
0
0
0
0
0
0
0
0
0
0
0
0
0
0
0
0
0
0
0
0
0
0
0
0
0
0
0
0
0
0
0
0
0
0
0
0
0
0
0
0
0
0
0
0
0
0
0
40.7248
59.2748
0
0
0
0
0
0
0
0
0
0
0
0
0
0
0
0
0
0
0
0
0
0
0
0
0
0
0
0
0
0
0
0
0
0
0
0
0
0
0
0
0
0
0
0
0
0
0
0
0
0
0
0
0
0
0
0
0
0
0
0
0
0
0
0.163113
0.0181237
0
0
0.0021322
0.373134
0.00426439
0.00533049
0.00852878
0.0021322
0.00746269
0.0522388
0.321962
0.0319829
0.0010661
0.00426439
0
0
0
0.0010661
0
0
0
0
0
0
0
0
0
0
0
0
0
0.00319829
0
0
0
0
0
0
0
0
0
0.0021322
0.0021322
0.0021322
0.0021322
0.00533049
0.00959488
0.00426439
0.0138593
0.0159915
0.0181237
0.0479744
0.0863539
0.139659
0.197228
0.192964
0.109808
0.0586354
0.0469083
0.0202559
0.0138593
0.00426439
0.00426439
0.0010661
0.0010661
0
0
0
0
0
0
0
0
0
0
0
0
0.0277185
0.314499
0.0767591
0.0415778
0.0863539
0.117271
0.0927505
0.117271
0.0394456
0.0373134
0.0298507
0.0138593
0.0021322
0.00319829
0
0
0
0
0
0
0
