4.34109
4.49612
3.72093
0.310078
0.155039
0
0
0.465116
0.310078
0.465116
1.86046
0.155039
0.310078
0.155039
0.930233
1.86046
5.27132
8.68217
5.5814
9.14729
5.11628
5.27132
4.49612
3.56589
2.63566
2.63566
2.0155
2.32558
2.0155
1.39535
0.465116
1.39535
0.465116
0.155039
1.08527
1.24031
0.930233
0.620155
1.24031
0.620155
1.08527
2.7907
3.25581
2.17054
2.94574
0
0
0
0
0.155039
0.465116
0
0
0
0
0.155039
0.465116
0.310078
0
0
0.465116
0
0.155039
6.97675
14.2636
7.90698
9.14729
11.3178
12.4031
9.45737
12.8682
11.6279
0.155039
0.310078
0
0
0.310078
0
0.155039
0
0
0
0
0.310078
0.310078
0.155039
0.310078
0
0
0
0
0
0
0
0
0
0
0
0
0
0
0
0
0
0
0
0
0
0
0.155039
0.620155
0.775194
0.620155
3.87597
6.82171
5.42636
4.65116
8.52713
5.89147
5.73644
3.87597
6.04651
2.48062
6.35659
5.11628
2.94574
3.41085
3.10078
2.63566
2.63566
4.65116
3.25581
4.18605
3.10078
3.25581
0
0
0
0
0
0
0
0
0
0
0
0
0
0
0
0
0
0
0
0
0
0
0
0
0
0
0
0
0
0
0
0
0
0
0
0
0
0
0
0
0
0
0
0
0
0
0
0
0
0
0
0
0
0
0
0
0
0
0
0
0
0
0
0
0
0
0
0
0
0
0
0
0
0
0
0
0
0
0
0
0
0
0
0
0
0
0
0
0
0
0
0
0
0
0
0
0
0
0
0
0
0
0
0
0
0
0
0
35.6037
64.3966
0
0
0
0
0
0
0
0
0
0
0
0
0
0
0
0
0
0
0
0
0
0
0
0
0
0
0
0
0
0
0
0
0
0
0
0
0
0
0
0
0
0
0
0
0
0
0
0
0
0
0
0
0
0
0
0
0
0
0
0
0
0
0
0.0866873
0.0123839
0
0
0.0154799
0.773994
0.00154799
0.00154799
0.00309598
0.00309598
0.00928793
0.0170279
0.0325077
0.0278638
0.00619195
0.00154799
0
0
0
0.00154799
0
0
0
0
0
0
0
0
0
0
0
0
0
0.00619195
0
0
0
0
0
0
0
0
0.00154799
0.00464396
0.00309598
0.00619195
0.0108359
0.0201238
0.0232198
0.0278638
0.0216718
0.0402477
0.0464396
0.0743034
0.0696594
0.0340557
0.0758514
0.23065
0.178019
0.0758514
0.0356037
0.0108359
0.00619195
0.00154799
0.00154799
0
0
0
0
0
0
0
0
0
0
0
0
0
0
0.0804954
0.565015
0.232198
0.0417957
0.0263158
0.0185759
0.0108359
0.00464396
0.00309598
0.0123839
0.00309598
0.00154799
0
0
0
0
0
0
0
0
0
