1.71607
0.156006
0.468019
0.312012
0.156006
0.156006
1.09204
0.312012
0
0
0
0
0.156006
4.68019
10.6084
7.3323
6.24025
7.80032
7.3323
5.46022
6.70827
6.86428
4.83619
3.43214
2.96412
2.34009
2.80811
2.4961
1.56006
1.40406
2.02808
0.312012
0
0
0
0
0
0.156006
0.312012
0.780031
0.312012
1.40406
1.87207
2.18409
1.40406
0
0.156006
0
0.312012
0
0.312012
0.780031
0.312012
0.156006
0.624025
0
0.156006
0.468019
1.71607
4.52418
6.08425
7.4883
4.52418
7.4883
5.46022
5.92824
4.52418
4.21217
5.92824
3.27613
6.24025
4.83619
5.14821
4.9922
5.14821
3.58814
2.96412
0.312012
0.156006
0
0.312012
0.624025
0.156006
0.468019
0.312012
0.156006
0.312012
0
0
0
0
0
0
0
0
0
0
0
0
0
0
0
0
0
0.156006
2.34009
1.24805
0.624025
1.40406
0.468019
0.780031
0.624025
0.156006
3.12013
2.18409
2.65211
2.80811
3.90016
2.65211
4.68019
6.08425
4.68019
5.61623
5.46022
6.08425
6.08425
6.86428
2.96412
5.14821
4.05616
3.90016
4.52418
4.83619
2.4961
1.56006
0
0
0
0
0
0
0
0
0
0
0
0
0
0
0
0
0
0
0
0
0
0
0
0
0
0
0
0
0
0
0
0
0
0
0
0
0
0
0
0
0
0
0
0
0
0
0
0
0
0
0
0
0
0
0
0
0
0
0
0
0
0
0
0
0
0
0
0
0
0
0
0
0
0
0
0
0
0
0
0
0
0
0
0
0
0
0
0
0
0
0
0
0
0
0
0
0
0
0
0
0
0
0
0
0
0
0
0
84.7347
15.2648
0
0
0
0
0
0
0
0
0
0
0
0
0
0
0
0
0
0
0
0
0
0
0
0
0
0
0
0
0
0
0
0
0
0
0
0
0
0
0
0
0
0
0
0
0
0
0
0
0
0
0
0
0
0
0
0
0
0
0
0
0
0
0
0.41433
0.0155763
0
0
0.00623053
0.380062
0.0046729
0.00311526
0.00311526
0.0046729
0.00623053
0.0109034
0.0747664
0.0327103
0.0046729
0.0046729
0.00155763
0
0
0
0
0
0
0
0
0
0
0
0
0
0
0
0.0046729
0.0280374
0
0
0
0
0
0
0
0
0.00155763
0.00155763
0
0.00311526
0.00934579
0.00623053
0.00623053
0.0140187
0.0124611
0.0186916
0.0311526
0.0576324
0.0576324
0.101246
0.129283
0.180685
0.14486
0.11838
0.0560748
0.0327103
0.0109034
0.00311526
0.00155763
0.00155763
0
0
0
0
0
0
0
0
0
0
0
0
0
0.0280374
0.303738
0.0996885
0.076324
0.0529595
0.0186916
0.0482866
0.0825545
0.0623053
0.11838
0.0685358
0.0327103
0.00778816
0
0
0
0
0
0
0
0
