0.692841
0.461894
0
0.230947
0.461894
0.230947
0.692841
0.692841
0.230947
0
0.923788
0.692841
0.692841
1.38568
2.07852
3.23326
11.7783
16.3972
7.15935
9.23787
9.46882
6.69746
3.9261
1.84758
2.54042
3.23326
1.38568
1.61663
0.692841
1.61663
0.461894
1.15473
0.923788
0.230947
0.230947
0.230947
0.461894
0.461894
0.692841
0.230947
0.230947
0
1.15473
1.38568
2.07852
0.461894
0.230947
0
0
0
0
0
0.230947
0.230947
0
0
1.84758
1.15473
1.38568
1.84758
6.00462
3.9261
7.15935
6.69746
5.31178
4.84988
4.61894
5.54273
5.08083
6.69746
4.84988
5.31178
3.23326
3.9261
2.77136
2.30947
3.69515
2.77136
5.08083
0.461894
0.692841
0.461894
0
0
0
0.230947
0
0.461894
0.692841
0
0
0
0
0
0
0
0
0
0
0
0
0
0
0
0
0.230947
2.07852
1.38568
0.230947
0.692841
0.230947
0.230947
0.692841
0.692841
2.30947
3.00231
2.07852
2.54042
2.54042
6.00462
5.77367
6.23557
7.3903
5.08083
6.69746
7.3903
2.77136
6.92841
4.38799
3.9261
3.9261
2.54042
3.9261
3.69515
4.61894
0
0
0
0
0
0
0
0
0
0
0
0
0
0
0
0
0
0
0
0
0
0
0
0
0
0
0
0
0
0
0
0
0
0
0
0
0
0
0
0
0
0
0
0
0
0
0
0
0
0
0
0
0
0
0
0
0
0
0
0
0
0
0
0
0
0
0
0
0
0
0
0
0
0
0
0
0
0
0
0
0
0
0
0
0
0
0
0
0
0
0
0
0
0
0
0
0
0
0
0
0
0
0
0
0
0
0
0
19.3548
80.6453
0
0
0
0
0
0
0
0
0
0
0
0
0
0
0
0
0
0
0
0
0
0
0
0
0
0
0
0
0
0
0
0
0
0
0
0
0
0
0
0
0
0
0
0
0
0
0
0
0
0
0
0
0
0
0
0
0
0
0
0
0
0
0
0.576037
0.00691244
0
0
0
0
0
0.00230415
0.00460829
0.00691244
0.0207373
0.0414747
0.191244
0.0414747
0.0207373
0.00230415
0
0
0
0.00230415
0.00230415
0.00230415
0
0
0
0
0
0
0
0
0
0
0.00921659
0.0691244
0
0
0
0
0
0
0
0
0.00230415
0
0.00691244
0.00921659
0.00691244
0.0276498
0.0299539
0.0253456
0.0184332
0.0230415
0.0552995
0.0806452
0.0599078
0.078341
0.0990783
0.0737327
0.12212
0.152074
0.0760369
0.0391705
0.0138249
0
0
0
0
0
0
0
0
0
0
0
0
0
0
0
0
0.0230415
0.0299539
0.0645161
0.105991
0.0691244
0.0829493
0.09447
0.0875576
0.115207
0.163594
0.0967742
0.0552995
0.00921659
0.00230415
0
0
0
0
0
0
0
