0.925926
0.740741
2.22222
1.48148
0.555556
0.740741
0.185185
0.185185
0.925926
1.2963
1.11111
0.555556
0.37037
1.2963
2.40741
3.14815
11.1111
10.9259
4.44444
3.51852
1.11111
1.85185
2.03704
3.33333
3.88889
5
5.37037
5
2.22222
3.14815
3.14815
1.85185
3.51852
1.85185
1.2963
0.740741
0.185185
0
0
0.185185
0
0.925926
2.96296
0.925926
1.48148
0
0.185185
0.185185
0
0.185185
0
0
0.555556
0.555556
0
0.37037
0.555556
0.740741
0.37037
1.2963
2.77778
6.85185
2.40741
6.48148
5.37037
6.85185
6.66666
7.03703
11.1111
7.4074
6.11111
4.62963
5.55555
5.18518
4.62963
4.07407
0.555556
0.185185
0
0.37037
0
0
0.37037
0
0
0
0.37037
0.185185
0
0
0
0
0
0
0
0
0
0
0
0
0
0
0
0
0
0.555556
0.925926
0
0
0
0
0
0
0
0.37037
5.18518
7.4074
5.92592
2.22222
3.88889
4.07407
2.96296
4.07407
2.96296
4.07407
4.44444
3.51852
3.51852
4.44444
4.81481
4.44444
5.74074
7.03703
6.85185
10.7407
0
0
0
0
0
0
0
0
0
0
0
0
0
0
0
0
0
0
0
0
0
0
0
0
0
0
0
0
0
0
0
0
0
0
0
0
0
0
0
0
0
0
0
0
0
0
0
0
0
0
0
0
0
0
0
0
0
0
0
0
0
0
0
0
0
0
0
0
0
0
0
0
0
0
0
0
0
0
0
0
0
0
0
0
0
0
0
0
0
0
0
0
0
0
0
0
0
0
0
0
0
0
0
0
0
0
0
0
48.059
51.9407
0
0
0
0
0
0
0
0
0
0
0
0
0
0
0
0
0
0
0
0
0
0
0
0
0
0
0
0
0
0
0
0
0
0
0
0
0
0
0
0
0
0
0
0
0
0
0
0
0
0
0
0
0
0
0
0
0
0
0
0
0
0
0
0.0203327
0.00554529
0
0
0.00184843
0.927911
0
0
0
0
0
0.00184843
0.00739372
0.0147874
0.0166359
0.00184843
0
0
0
0
0
0
0
0
0
0
0
0
0
0
0
0
0
0.00184843
0
0
0
0
0
0
0
0
0.00184843
0.00184843
0.00184843
0.0184843
0.00369686
0.00739372
0.00554529
0.00184843
0.00369686
0.00924214
0.0166359
0.0480592
0.0757856
0.0720887
0.107209
0.297597
0.175601
0.0868762
0.0554529
0.00554529
0
0.00184843
0.00184843
0
0
0
0
0
0
0
0
0
0
0
0
0
0
0.0794824
0.652495
0.240296
0.00369686
0.00739372
0.00184843
0.00369686
0
0.00184843
0.00369686
0.00369686
0.00184843
0
0
0
0
0
0
0
0
0
