1.39635
1.71858
2.14823
2.57787
2.25564
1.18153
1.18153
0.859291
1.18153
0.966702
1.50376
3.97422
3.32975
5.26316
3.43716
3.97422
3.65199
2.7927
3.32975
4.40387
3.00752
2.57787
1.50376
2.90011
3.86681
2.04082
1.61117
1.07411
0.75188
0.75188
0.214823
0.859291
1.50376
1.61117
2.7927
2.68528
2.14823
2.04082
2.47046
2.90011
2.25564
2.14823
1.28894
1.9334
2.04082
0.429646
0.322234
0.322234
0.107411
0
0
0
0
0
0
0.214823
0
0
0
0
0
0
0
0
0
0
22.1267
52.309
23.3082
0
0
0.107411
0
0.107411
0.107411
0
0
0
0.107411
0
0
0
0
0
0.107411
0
0
0.107411
0.214823
0.107411
0
0
0
0
0
0
0
0
0
0
0
0
0
0
0
0
0
0
0
0
0
0.644468
0.859291
4.61869
5.37057
4.7261
3.43716
4.83351
5.47798
2.57787
2.90011
2.04082
3.32975
2.7927
4.18904
2.68528
4.29646
4.40387
4.40387
6.22986
4.7261
6.76692
6.87433
6.87433
5.04834
0
0
0
0
0
0
0
0
0
0
0
0
0
0
0
0
0
0
0
0
0
0
0
0
0
0
0
0
0
0
0
0
0
0
0
0
0
0
0
0
0
0
0
0
0
0
0
0
0
0
0
0
0
0
0
0
0
0
0
0
0
0
0
0
0
0
0
0
0
0
0
0
0
0
0
0
0
0
0
0
0
0
0
0
0
0
0
0
0
0
0
0
0
0
0
0
0
0
0
0
0
0
0
0
0
0
0
0
47.1029
52.8969
0
0
0
0
0
0
0
0
0
0
0
0
0
0
0
0
0
0
0
0
0
0
0
0
0
0
0
0
0
0
0
0
0
0
0
0
0
0
0
0
0
0
0
0
0
0
0
0
0
0
0
0
0
0
0
0
0
0
0
0
0
0
0
0.0772532
0.027897
0
0
0.00107296
0.375536
0.00965665
0.00214592
0.00107296
0.00643777
0.0300429
0.0729614
0.00429185
0.00321888
0
0
0
0
0.00429185
0.343348
0.0407725
0
0
0
0
0
0
0
0
0
0
0
0
0
0
0
0
0
0
0
0
0
0
0
0.00107296
0.00214592
0.00107296
0
0.00643777
0.00858369
0.00643777
0.0118026
0.0139485
0.0214592
0.0429185
0.0675966
0.110515
0.108369
0.0675966
0.0407725
0.0482833
0.0493562
0.0439914
0.0439914
0.167382
0.122318
0.0139485
0
0
0
0
0
0
0
0
0
0
0
0
0.0225322
0.312232
0.0654506
0.0225322
0.00643777
0.0214592
0.0375536
0.103004
0.180258
0.140558
0.0686695
0.0182403
0.00107296
0
0
0
0
0
0
0
0
