0.857843
1.71569
1.22549
0.980392
0.980392
0.857843
0.612745
0.857843
0.980392
0.367647
0.490196
2.57353
5.39216
3.55392
3.79902
4.65686
4.28922
4.28922
6.37255
6.0049
4.77941
4.41177
8.57843
5.02451
3.06373
3.06373
1.71569
1.71569
1.59314
0.245098
0.122549
0
0
0
0
0.490196
0.980392
0.980392
1.47059
1.59314
1.71569
1.47059
2.32843
1.96078
1.96078
0.490196
0.122549
0.367647
0.367647
0.245098
0
0.612745
0.245098
0.245098
0.245098
0
0.245098
0.122549
0.122549
0.367647
0
3.18628
10.7843
9.31373
6.9853
7.23039
4.65686
4.04412
5.02451
6.0049
6.86275
7.47549
13.1127
6.25
0.367647
0.245098
0.612745
0.122549
0.122549
0.122549
0.367647
0.490196
0.490196
0.245098
0
0.612745
0.490196
0.367647
0.245098
0.490196
0
0
0
0
0
0
0
0
0
0
0
0
0
0
0
0
0
0.980392
0.857843
0.980392
1.34804
2.32843
0.490196
2.57353
4.28922
5.02451
7.59804
6.9853
6.7402
5.02451
5.51471
4.04412
5.39216
2.81863
4.77941
3.18628
2.45098
4.04412
3.30882
3.43137
2.81863
3.67647
4.04412
2.69608
2.69608
0
0
0
0
0
0
0
0
0
0
0
0
0
0
0
0
0
0
0
0
0
0
0
0
0
0
0
0
0
0
0
0
0
0
0
0
0
0
0
0
0
0
0
0
0
0
0
0
0
0
0
0
0
0
0
0
0
0
0
0
0
0
0
0
0
0
0
0
0
0
0
0
0
0
0
0
0
0
0
0
0
0
0
0
0
0
0
0
0
0
0
0
0
0
0
0
0
0
0
0
0
0
0
0
0
0
0
0
44.5531
55.4466
0
0
0
0
0
0
0
0
0
0
0
0
0
0
0
0
0
0
0
0
0
0
0
0
0
0
0
0
0
0
0
0
0
0
0
0
0
0
0
0
0
0
0
0
0
0
0
0
0
0
0
0
0
0
0
0
0
0
0
0
0
0
0
0.177479
0.0171359
0
0
0.0330477
0.645043
0.00367197
0.00367197
0.00244798
0.00367197
0.00856793
0.0208078
0.0587515
0.0134639
0.00489596
0
0
0
0
0
0
0
0
0
0
0
0
0
0
0
0
0
0
0.00734394
0
0
0
0
0
0
0
0
0.00244798
0.00122399
0.00244798
0.00122399
0.00367197
0.00489596
0.00611995
0.00611995
0.0146879
0.0183599
0.0281518
0.0563035
0.0526316
0.101591
0.148103
0.209302
0.162791
0.0893513
0.0538556
0.0257038
0.00734394
0.00244798
0.00122399
0
0
0
0
0
0
0
0
0
0
0
0
0
0
0.0403917
0.49694
0.161567
0.0489596
0.0563035
0.00979192
0.0440636
0.0257038
0.0257038
0.0257038
0.0465116
0.0110159
0.00734394
0
0
0
0
0
0
0
0
