1.26874
0.807382
1.1534
1.84544
1.1534
1.7301
1.38408
0.692042
0.692042
1.26874
1.49942
1.1534
2.07612
1.38408
2.19146
1.96078
3.11419
3.11419
4.72895
2.65283
2.76817
2.53749
3.11419
2.3068
3.46021
4.38293
3.22953
1.49942
1.7301
2.42215
1.1534
0.922722
0.922722
1.96078
0.692042
1.84544
1.7301
1.26874
2.42215
4.95963
3.92157
5.30565
3.34487
4.38293
1.96078
0
0
0
0.11534
0
0.11534
0
0
0.11534
0.11534
0
0.11534
0
0
0
0
0
0
0.11534
0.11534
0
27.4511
43.2528
27.6818
0
0
0
0
0
0
0
0
0
0.11534
0
0
0
0
0.11534
0.11534
0.11534
0.11534
0.11534
0.11534
0.11534
0
0
0
0
0
0
0
0
0
0
0
0
0
0
0
0
0
0
0
0
0
0.346021
0.807382
6.45905
4.38293
3.34487
5.19031
3.11419
3.92157
3.11419
2.99885
3.69089
4.61361
4.49827
4.03691
4.03691
4.49827
3.80623
2.88351
3.22953
2.88351
3.57555
4.26759
10.1499
10.2653
0
0
0
0
0
0
0
0
0
0
0
0
0
0
0
0
0
0
0
0
0
0
0
0
0
0
0
0
0
0
0
0
0
0
0
0
0
0
0
0
0
0
0
0
0
0
0
0
0
0
0
0
0
0
0
0
0
0
0
0
0
0
0
0
0
0
0
0
0
0
0
0
0
0
0
0
0
0
0
0
0
0
0
0
0
0
0
0
0
0
0
0
0
0
0
0
0
0
0
0
0
0
0
0
0
0
0
0
55.1844
44.8158
0
0
0
0
0
0
0
0
0
0
0
0
0
0
0
0
0
0
0
0
0
0
0
0
0
0
0
0
0
0
0
0
0
0
0
0
0
0
0
0
0
0
0
0
0
0
0
0
0
0
0
0
0
0
0
0
0
0
0
0
0
0
0
0.0967742
0.0299539
0
0
0.00115207
0.397465
0.00806452
0.00806452
0.00691244
0.00691244
0.0599078
0.158986
0.1947
0.0126728
0.0126728
0.00460829
0
0
0
0
0
0
0
0
0
0
0
0
0
0
0
0
0
0.00115207
0
0
0
0
0
0
0
0
0.00230415
0.00115207
0.00691244
0.014977
0.00806452
0.00921659
0.0103687
0.0126728
0.014977
0.0276498
0.0345622
0.0599078
0.119816
0.141705
0.107143
0.146313
0.0967742
0.0645161
0.0299539
0.0414747
0.0322581
0.0115207
0.00345622
0.00115207
0.00115207
0
0
0
0
0
0
0
0
0
0
0
0
0.0576037
0.315668
0.103687
0.0299539
0.0449309
0.117512
0.130184
0.0645161
0.0299539
0.0253456
0.046083
0.0288018
0.00115207
0.00345622
0.00115207
0
0
0
0
0
0
