1.28056
0.582072
0.698487
0.814901
0
0.582072
1.39697
1.39697
1.97905
1.86263
1.97905
2.32829
2.79395
4.88941
1.97905
1.97905
4.19092
5.12224
4.07451
5.12224
5.47148
6.98487
7.56694
5.12224
3.25961
2.56112
2.91036
1.97905
1.51339
1.28056
1.51339
0.698487
0.232829
0.349243
0.116414
0.232829
0.698487
0.931315
0.931315
1.39697
1.16414
2.79395
2.4447
1.39697
1.51339
1.28056
0.116414
0.116414
0.349243
0.116414
0.116414
0
0.349243
0.232829
0.232829
0.232829
0.116414
0
0.232829
0.116414
3.37602
6.05355
3.84168
7.45053
8.73109
9.31316
4.88941
5.00582
4.65658
5.00582
7.10129
4.54017
8.61467
8.14902
3.95809
0.465658
0.116414
0.116414
0.232829
0
0.232829
0.349243
0.116414
0.232829
0
0.465658
0.465658
0.232829
1.16414
1.6298
0
0
0
0
0
0
0
0
0
0
0
0
0
0
0
0.582072
0.465658
1.16414
0.116414
0.814901
1.39697
1.04773
0.349243
1.6298
4.19092
3.95809
2.4447
4.88941
4.19092
9.31316
4.88941
5.12224
4.88941
5.12224
5.93714
6.16997
3.95809
4.07451
3.49243
5.12224
3.02678
2.4447
3.14319
2.56112
3.60885
0
0
0
0
0
0
0
0
0
0
0
0
0
0
0
0
0
0
0
0
0
0
0
0
0
0
0
0
0
0
0
0
0
0
0
0
0
0
0
0
0
0
0
0
0
0
0
0
0
0
0
0
0
0
0
0
0
0
0
0
0
0
0
0
0
0
0
0
0
0
0
0
0
0
0
0
0
0
0
0
0
0
0
0
0
0
0
0
0
0
0
0
0
0
0
0
0
0
0
0
0
0
0
0
0
0
0
0
31.2791
68.7211
0
0
0
0
0
0
0
0
0
0
0
0
0
0
0
0
0
0
0
0
0
0
0
0
0
0
0
0
0
0
0
0
0
0
0
0
0
0
0
0
0
0
0
0
0
0
0
0
0
0
0
0
0
0
0
0
0
0
0
0
0
0
0
0.125581
0.0116279
0
0
0.00348837
0.386046
0.00930233
0.00465116
0.00813953
0.00581395
0.00581395
0.0709302
0.266279
0.072093
0.00348837
0
0
0
0
0
0
0
0
0
0
0
0
0
0
0
0
0
0.00697674
0.0197674
0
0
0
0
0
0
0
0
0
0.00232558
0.0174419
0.0197674
0.0139535
0.0209302
0.022093
0.0186047
0.027907
0.0453488
0.0593023
0.0976744
0.117442
0.0906977
0.0976744
0.115116
0.0813954
0.0546512
0.0476744
0.0197674
0.0197674
0.00465116
0.00581395
0
0
0
0
0
0
0
0
0
0
0
0
0
0
0.146512
0.275581
0.0802326
0.0651163
0.103488
0.0860465
0.0848837
0.0360465
0.0290698
0.0325581
0.0337209
0.0151163
0.00930233
0.00232558
0
0
0
0
0
0
0
