1.44092
1.34486
1.92123
0.960615
1.34486
1.63305
1.05668
1.15274
1.92123
2.59366
2.97791
2.01729
1.63305
1.92123
2.30548
1.92123
3.65034
4.9952
5.66763
4.41883
3.45821
5.47551
4.61095
3.17003
2.97791
2.4976
3.36215
0.768492
0.768492
0.480307
1.05668
0.960615
1.34486
0.768492
0.960615
0.768492
0.67243
0.576369
2.59366
3.65034
2.4976
3.07397
2.4976
2.01729
2.20941
0
0.0960615
0
0.192123
0.0960615
0.0960615
0
0.0960615
0.0960615
0.288184
0
0.0960615
0.192123
0.288184
0.480307
0.192123
0.192123
0.0960615
0.0960615
7.0125
14.6974
13.5447
15.1777
16.5226
16.5226
10.7589
0.480307
0
0.288184
0.0960615
0.480307
0.384246
0.288184
0
0.192123
0.192123
0.0960615
0.0960615
0.0960615
0
0.0960615
0.192123
0.192123
0
0.0960615
0
0
0
0
0
0
0
0
0
0
0
0
0
0
0
0
0
0
0
0
3.55427
0.67243
0.480307
3.84246
6.05188
6.43612
6.53219
7.10856
6.43612
5.18732
5.28338
5.37945
4.89914
4.32277
4.22671
4.03458
4.13064
3.17003
2.97791
2.97791
1.63305
2.78578
3.36215
1.92123
2.68972
0
0
0
0
0
0
0
0
0
0
0
0
0
0
0
0
0
0
0
0
0
0
0
0
0
0
0
0
0
0
0
0
0
0
0
0
0
0
0
0
0
0
0
0
0
0
0
0
0
0
0
0
0
0
0
0
0
0
0
0
0
0
0
0
0
0
0
0
0
0
0
0
0
0
0
0
0
0
0
0
0
0
0
0
0
0
0
0
0
0
0
0
0
0
0
0
0
0
0
0
0
0
0
0
0
0
0
0
46.7373
53.2633
0
0
0
0
0
0
0
0
0
0
0
0
0
0
0
0
0
0
0
0
0
0
0
0
0
0
0
0
0
0
0
0
0
0
0
0
0
0
0
0
0
0
0
0
0
0
0
0
0
0
0
0
0
0
0
0
0
0
0
0
0
0
0
0.189059
0.00959693
0
0.000959693
0.00383877
0.325336
0.00575816
0.00383877
0.00287908
0.00575816
0.00767754
0.0441459
0.315739
0.0547025
0.00671785
0.000959693
0
0
0
0
0
0
0
0
0
0
0
0
0
0
0
0
0.00191939
0.0211132
0
0
0
0
0
0
0
0
0.00191939
0.00575816
0.00959693
0.0134357
0.0220729
0.0287908
0.0172745
0.0307102
0.0422265
0.0556622
0.0815739
0.0854127
0.12476
0.0892514
0.0873321
0.112284
0.0604607
0.0460653
0.0422265
0.0211132
0.0115163
0.00383877
0.00191939
0.00383877
0.000959693
0
0
0
0
0
0
0
0
0
0
0
0
0.109405
0.263916
0.100768
0.0863724
0.0921305
0.107486
0.116123
0.0239923
0.024952
0.0326296
0.0163148
0.0143954
0.00671785
0.00479846
0
0
0
0
0
0
0
