2.11361
1.0568
1.4531
1.7173
1.7173
0.396301
0.396301
0.264201
0.1321
0.396301
0.264201
1.7173
5.68032
3.30251
7.66183
4.75561
4.09511
4.22721
4.35931
5.68032
6.86922
4.09511
3.43461
3.69881
2.50991
2.64201
1.84941
2.64201
1.321
0.528402
0.792602
0.1321
0.1321
0
0
0.264201
1.321
1.1889
2.37781
2.90621
1.5852
2.11361
1.1889
2.50991
2.64201
0.1321
0.1321
0
0.264201
0.1321
0.264201
0.396301
0.528402
0.396301
0.264201
0
0.1321
0
0.1321
0.264201
0
0
0.528402
7.52973
12.6816
12.4174
8.05813
7.79393
10.0396
12.6816
11.6248
11.7569
0.1321
0.1321
0.1321
0
0
0.396301
0.1321
0.264201
0.1321
0
0
0
0
0.264201
0.1321
0
0.1321
0.1321
0
0
0
0
0
0
0
0
0
0
0
0
0
0
0
0
0
0
0
1.1889
1.98151
0.528402
0.1321
2.37781
4.49141
6.20872
6.07662
5.68032
6.60502
6.60502
5.94452
4.88771
4.22721
5.01982
3.03831
3.30251
3.56671
4.35931
3.17041
3.96301
3.17041
3.17041
3.69881
3.83091
2.90621
0
0
0
0
0
0
0
0
0
0
0
0
0
0
0
0
0
0
0
0
0
0
0
0
0
0
0
0
0
0
0
0
0
0
0
0
0
0
0
0
0
0
0
0
0
0
0
0
0
0
0
0
0
0
0
0
0
0
0
0
0
0
0
0
0
0
0
0
0
0
0
0
0
0
0
0
0
0
0
0
0
0
0
0
0
0
0
0
0
0
0
0
0
0
0
0
0
0
0
0
0
0
0
0
0
0
0
0
41.4249
58.5754
0
0
0
0
0
0
0
0
0
0
0
0
0
0
0
0
0
0
0
0
0
0
0
0
0
0
0
0
0
0
0
0
0
0
0
0
0
0
0
0
0
0
0
0
0
0
0
0
0
0
0
0
0
0
0
0
0
0
0
0
0
0
0
0.155673
0.0145119
0
0
0.0659631
0.655673
0.00791557
0.00263852
0.00395778
0.00263852
0.00395778
0.0171504
0.0356201
0.0290237
0.00131926
0
0
0
0
0
0
0
0
0
0
0
0
0
0
0
0
0
0
0.00395778
0
0
0
0
0
0
0
0
0.00131926
0.00263852
0.00395778
0.00263852
0.00263852
0.00791557
0.0171504
0.0224274
0.0237467
0.0343008
0.0593668
0.0765171
0.0633245
0.0369393
0.0620053
0.197889
0.168865
0.101583
0.0646438
0.0343008
0.0131926
0.00263852
0
0
0
0
0
0
0
0
0
0
0
0
0
0
0
0.0936675
0.453826
0.246702
0.0277045
0.0316623
0.0171504
0.00923483
0.00527705
0.0145119
0.0263852
0.0488127
0.0184697
0.00659631
0
0
0
0
0
0
0
0
