0
0
0.445434
0.445434
0.222717
0
0
0
0
0
0
0
0.445434
7.34967
11.1359
8.68597
5.79065
8.46325
5.56793
9.57684
8.01782
4.23163
3.56347
5.34521
1.55902
2.89532
2.22717
3.78619
3.56347
1.78174
2.22717
0.222717
0.222717
0
0
0
0
0
0
0.222717
0
0.222717
0.445434
0.445434
1.11359
0
0
0.445434
0
0.222717
0.222717
0
0.445434
0.445434
1.3363
1.78174
2.44989
5.56793
4.23163
5.12249
4.23163
4.89978
3.78619
5.56793
3.56347
3.56347
3.56347
5.56793
5.34521
4.00891
3.11804
4.67706
3.78619
3.34076
4.23163
5.79065
2.22717
2.44989
2.67261
0
0.445434
0
0
0
0.668151
0.445434
0
0
0
0
0
0
0
0
0
0
0
0
0
0
0.222717
0.445434
0.445434
0
0
0.222717
0.890869
0.890869
0.890869
0.668151
0.445434
0.445434
0
0.445434
0.668151
1.55902
1.11359
1.78174
1.3363
2.67261
4.45434
6.68152
6.90423
6.90423
6.90423
6.23608
4.89978
7.12695
6.90423
7.57238
4.45434
4.67706
4.89978
3.56347
2.89532
0
0
0
0
0
0
0
0
0
0
0
0
0
0
0
0
0
0
0
0
0
0
0
0
0
0
0
0
0
0
0
0
0
0
0
0
0
0
0
0
0
0
0
0
0
0
0
0
0
0
0
0
0
0
0
0
0
0
0
0
0
0
0
0
0
0
0
0
0
0
0
0
0
0
0
0
0
0
0
0
0
0
0
0
0
0
0
0
0
0
0
0
0
0
0
0
0
0
0
0
0
0
0
0
0
0
0
0
77.9998
22
0
0
0
0
0
0
0
0
0
0
0
0
0
0
0
0
0
0
0
0
0
0
0
0
0
0
0
0
0
0
0
0
0
0
0
0
0
0
0
0
0
0
0
0
0
0
0
0
0
0
0
0
0
0
0
0
0
0
0
0
0
0
0
0.435556
0
0
0
0
0
0
0.00444444
0
0
0.00444444
0.1
0.133333
0.106667
0.0133333
0
0
0
0
0
0.00222222
0
0
0
0
0
0
0
0
0
0
0
0.0488889
0.151111
0
0
0
0
0
0
0
0
0.00666667
0.00888889
0.0133333
0.0111111
0.02
0.02
0.02
0.0333333
0.0622222
0.0844444
0.0622222
0.0622222
0.0688889
0.0444444
0.0511111
0.0644444
0.0977778
0.144444
0.0733333
0.0311111
0.0111111
0.00888889
0
0
0
0
0
0
0
0
0
0
0
0
0
0
0
0.0377778
0.0555556
0.0644444
0.1
0.135556
0.0911111
0.0666667
0.06
0.0755556
0.173333
0.0777778
0.0444444
0.0111111
0.00666667
0
0
0
0
0
0
0
