1.22283
0.543478
1.49457
0.815217
0.271739
0.271739
0.13587
0
0
0
0
0
0.13587
5.84239
10.462
6.38587
7.33695
7.06521
6.65761
4.61956
6.79348
4.48369
1.63043
2.30978
2.03804
2.44565
3.125
2.44565
4.61956
3.66848
4.21196
2.44565
0.543478
0.13587
0
0
0
0.13587
0.815217
0.271739
0.407609
0.271739
0.951087
1.7663
1.3587
0.13587
0.407609
0.407609
1.63043
0.815217
0.407609
0.679348
0.543478
0.407609
0.271739
0.543478
0.271739
0
2.30978
3.39674
5.02717
5.02717
3.94022
5.97826
4.34782
5.57065
7.47282
5.84239
5.43478
5.16304
3.53261
5.43478
3.80435
4.61956
5.16304
2.98913
3.39674
0.679348
0.13587
0.271739
0
0.13587
0.13587
0.407609
0.407609
0.271739
0.407609
1.22283
0.951087
0.13587
0
0
0
0
0
0
0
0
0
0
0
0
0
0.13587
0.271739
0.951087
0.13587
0.13587
0
0.13587
0
0
0
0.543478
1.49457
2.44565
2.98913
2.71739
4.61956
3.53261
7.88043
4.8913
3.80435
3.125
4.21196
5.97826
5.02717
4.8913
5.57065
6.25
4.75543
7.06521
6.79348
4.8913
4.8913
0
0
0
0
0
0
0
0
0
0
0
0
0
0
0
0
0
0
0
0
0
0
0
0
0
0
0
0
0
0
0
0
0
0
0
0
0
0
0
0
0
0
0
0
0
0
0
0
0
0
0
0
0
0
0
0
0
0
0
0
0
0
0
0
0
0
0
0
0
0
0
0
0
0
0
0
0
0
0
0
0
0
0
0
0
0
0
0
0
0
0
0
0
0
0
0
0
0
0
0
0
0
0
0
0
0
0
0
71.2348
28.7652
0
0
0
0
0
0
0
0
0
0
0
0
0
0
0
0
0
0
0
0
0
0
0
0
0
0
0
0
0
0
0
0
0
0
0
0
0
0
0
0
0
0
0
0
0
0
0
0
0
0
0
0
0
0
0
0
0
0
0
0
0
0
0
0.415197
0.0122117
0
0
0.0203528
0.327001
0.00678426
0.00542741
0.00135685
0.00814111
0.0149254
0.0312076
0.118046
0.0027137
0
0
0
0
0
0
0
0
0
0
0
0
0
0
0
0
0
0
0.00678426
0.0298507
0
0
0
0
0
0
0
0
0.0027137
0.00407056
0.00542741
0
0.0027137
0.0149254
0.00814111
0.0162822
0.0149254
0.0298507
0.0529172
0.0868385
0.0719132
0.0841248
0.104478
0.126187
0.113976
0.112619
0.0936228
0.0379919
0.0135685
0.00135685
0.00135685
0
0
0
0
0
0
0
0
0
0
0
0
0
0
0.0529172
0.248304
0.109905
0.0542741
0.0746269
0.0203528
0.0434193
0.0895522
0.0488467
0.0949796
0.107191
0.0434193
0.0108548
0.00135685
0
0
0
0
0
0
0
