1.64179
2.01493
2.16418
2.98508
2.61194
3.0597
4.85075
1.71642
1.49254
1.19403
1.64179
2.08955
1.86567
2.31343
2.68657
2.23881
2.7612
1.64179
1.86567
2.68657
3.20896
3.73135
5.44776
3.50746
2.46269
1.34328
1.34328
0.970149
0.746269
0.820895
1.9403
2.53731
1.79105
3.50746
1.64179
1.19403
1.41791
1.1194
1.86567
2.16418
2.23881
2.7612
2.7612
2.16418
1.86567
0.223881
0.223881
0
0
0.0746269
0.0746269
0.0746269
0.298507
0.298507
0.223881
0
0
0
0
0
0.0746269
0.149254
0
0.0746269
0.0746269
0.0746269
9.02986
76.6412
10.7463
0
0
0.0746269
0.149254
0
0
0
0
0
0.0746269
0.0746269
0.149254
0.298507
0.0746269
0.149254
0.149254
0.0746269
0.149254
0
0.149254
0.149254
0
0
0
0
0
0
0
0
0
0
0
0
0
0
0
0
0
0
0
0
0
0.298507
4.85075
8.43284
7.83583
6.19403
6.26866
6.11941
4.62687
5
3.8806
4.25373
2.53731
2.98508
2.23881
2.16418
2.68657
1.9403
2.23881
3.35821
3.20896
4.7015
4.7015
5.37314
4.17911
0
0
0
0
0
0
0
0
0
0
0
0
0
0
0
0
0
0
0
0
0
0
0
0
0
0
0
0
0
0
0
0
0
0
0
0
0
0
0
0
0
0
0
0
0
0
0
0
0
0
0
0
0
0
0
0
0
0
0
0
0
0
0
0
0
0
0
0
0
0
0
0
0
0
0
0
0
0
0
0
0
0
0
0
0
0
0
0
0
0
0
0
0
0
0
0
0
0
0
0
0
0
0
0
0
0
0
0
44.5189
55.4806
0
0
0
0
0
0
0
0
0
0
0
0
0
0
0
0
0
0
0
0
0
0
0
0
0
0
0
0
0
0
0
0
0
0
0
0
0
0
0
0
0
0
0
0
0
0
0
0
0
0
0
0
0
0
0
0
0
0
0
0
0
0
0
0.11484
0.0246085
0
0
0.00298285
0.277405
0.00671141
0.00820283
0.0059657
0.00969426
0.0328113
0.0402685
0.0745712
0.0313199
0.00894855
0.00372856
0
0
0.00671141
0.325876
0.0193885
0
0
0
0
0
0
0
0
0
0
0
0.00149142
0.00447427
0
0
0
0
0
0
0
0
0
0.00149142
0.00372856
0.00447427
0.00894855
0.0059657
0.0111857
0.0268456
0.0372856
0.0633855
0.0745712
0.0805369
0.0618941
0.0447427
0.0484713
0.0835198
0.049217
0.0260999
0.0469799
0.0507084
0.0350485
0.049217
0.0939597
0.0850112
0.00671141
0
0
0
0
0
0
0
0
0
0
0
0
0.0700969
0.211037
0.114094
0.0663684
0.0536913
0.0738255
0.106637
0.0626398
0.126025
0.0812826
0.0238628
0.00894855
0.00149142
0
0
0
0
0
0
0
0
