1.07296
0.429185
0
0
0.429185
0.214592
0
0
0
0
1.93133
1.28755
1.07296
1.50215
5.15021
10.7296
12.4463
7.51073
8.15451
7.93992
4.50644
3.43348
4.07725
5.5794
5.36481
6.22318
3.00429
1.71674
1.28755
1.07296
0.429185
1.07296
0.643777
0
0
0
0
0
0
0
0
0
0
1.28755
0.643777
0
0
0
0
0.214592
0.214592
0.214592
0.643777
1.71674
0.858369
1.71674
3.43348
2.36051
3.86266
2.7897
4.72103
4.07725
5.15021
2.57511
2.7897
3.64807
2.57511
3.21888
4.29184
2.57511
4.72103
4.50644
4.72103
4.93562
6.00858
4.29184
4.93562
4.29184
4.07725
3.00429
0.214592
0
0.643777
0
0.214592
0
0
0
0
0
0
0
0
0
0
0
0
0
0
0
0
0
0
1.07296
1.50215
1.71674
1.93133
0.429185
0
0
0
0
0
0
1.28755
2.36051
3.43348
3.43348
4.29184
7.29614
6.43777
4.50644
5.15021
5.36481
2.57511
3.43348
3.00429
2.57511
3.00429
3.64807
4.07725
3.64807
4.50644
7.72532
11.8026
0
0
0
0
0
0
0
0
0
0
0
0
0
0
0
0
0
0
0
0
0
0
0
0
0
0
0
0
0
0
0
0
0
0
0
0
0
0
0
0
0
0
0
0
0
0
0
0
0
0
0
0
0
0
0
0
0
0
0
0
0
0
0
0
0
0
0
0
0
0
0
0
0
0
0
0
0
0
0
0
0
0
0
0
0
0
0
0
0
0
0
0
0
0
0
0
0
0
0
0
0
0
0
0
0
0
0
0
71.7347
28.2655
0
0
0
0
0
0
0
0
0
0
0
0
0
0
0
0
0
0
0
0
0
0
0
0
0
0
0
0
0
0
0
0
0
0
0
0
0
0
0
0
0
0
0
0
0
0
0
0
0
0
0
0
0
0
0
0
0
0
0
0
0
0
0
0.282655
0.00856531
0
0
0
0.653105
0.00428266
0
0
0
0
0
0
0
0
0
0
0
0
0
0
0
0
0
0
0
0
0
0
0
0
0
0.0171306
0.0342612
0
0
0
0
0
0
0
0
0
0
0
0
0
0
0
0.00428266
0.00428266
0.012848
0.0107066
0.0406852
0.0535332
0.104925
0.12848
0.201285
0.126338
0.171306
0.0813705
0.0428266
0.012848
0.00214133
0.00214133
0
0
0
0
0
0
0
0
0
0
0
0
0
0
0.0492505
0.503212
0.104925
0.00428266
0.00214133
0.00428266
0.00214133
0.0192719
0.0706638
0.107066
0.0792291
0.0449679
0.00856531
0
0
0
0
0
0
0
0
