0.83612
0.501672
0.501672
0.334448
0.334448
0
0
0
0.167224
0
0.668896
2.00669
2.50836
1.33779
0.83612
4.51505
8.52843
8.3612
8.19398
10.3679
10.2007
7.52508
6.35451
2.00669
2.67559
3.84615
2.00669
2.00669
1.00334
1.83946
0.83612
0.334448
0.334448
0.83612
1.33779
0.334448
0.334448
0
0.167224
0.334448
0.167224
0.334448
0.501672
3.84615
1.00334
0
0
0.167224
0
0.167224
0
0.334448
0.501672
0.501672
0.167224
0
0.83612
4.68227
4.34783
5.68562
4.51505
4.51505
4.51505
4.01338
3.34448
3.34448
3.17726
3.34448
5.35117
4.34783
4.68227
7.52508
4.51505
4.68227
6.02007
3.84615
4.8495
3.17726
1.50502
0.334448
0.167224
0.167224
0
0
0.167224
0.167224
0.167224
0.334448
0
0
0
0
0
0
0
0
0
0
0
0
0
0
0.167224
0
0
0.167224
1.00334
0.501672
0.167224
0.668896
0
0.501672
0
2.17391
4.51505
7.69231
8.19398
4.51505
4.8495
4.51505
2.67559
4.8495
5.35117
3.34448
4.8495
4.34783
3.67893
2.84281
4.51505
2.50836
2.34114
4.1806
4.1806
5.51839
5.35117
0
0
0
0
0
0
0
0
0
0
0
0
0
0
0
0
0
0
0
0
0
0
0
0
0
0
0
0
0
0
0
0
0
0
0
0
0
0
0
0
0
0
0
0
0
0
0
0
0
0
0
0
0
0
0
0
0
0
0
0
0
0
0
0
0
0
0
0
0
0
0
0
0
0
0
0
0
0
0
0
0
0
0
0
0
0
0
0
0
0
0
0
0
0
0
0
0
0
0
0
0
0
0
0
0
0
0
0
20.8681
79.1323
0
0
0
0
0
0
0
0
0
0
0
0
0
0
0
0
0
0
0
0
0
0
0
0
0
0
0
0
0
0
0
0
0
0
0
0
0
0
0
0
0
0
0
0
0
0
0
0
0
0
0
0
0
0
0
0
0
0
0
0
0
0
0
0.287145
0.0066778
0
0
0.0217028
0.492487
0.0066778
0.0033389
0.00166945
0.00834725
0.00834725
0.0066778
0.033389
0.0383973
0.0116861
0.00500835
0
0
0
0.00166945
0
0
0
0
0
0
0
0
0
0
0
0
0.0133556
0.0534224
0
0
0
0
0
0
0
0
0
0.00166945
0
0.0033389
0.0133556
0.0200334
0.0283806
0.0267112
0.0400668
0.0400668
0.0734558
0.0601002
0.0417362
0.0500835
0.0350584
0.148581
0.173623
0.113523
0.0834725
0.0283806
0.0166945
0.00166945
0
0
0
0
0
0
0
0
0
0
0
0
0
0
0
0.113523
0.365609
0.138564
0.0317195
0.0367279
0.0166945
0.0116861
0.0250417
0.048414
0.0851419
0.0834725
0.0317195
0.0116861
0
0
0
0
0
0
0
0
