0.332226
0
0
0.664452
0.332226
0
0
0
0
0
0
1.3289
1.66113
0.664452
6.31229
14.9502
8.9701
9.63455
7.64119
8.63787
9.30232
5.31561
4.31894
3.32226
4.98339
2.65781
3.32226
2.65781
1.66113
0.332226
0
0
0
0
0
0
0
0
0.332226
0.332226
0
0.332226
0
0.332226
0
0
0
0
0.332226
0
0
0
0.996678
0.664452
0.664452
2.32558
2.99003
3.32226
2.99003
2.65781
6.31229
3.98671
4.31894
3.32226
3.98671
3.98671
5.31561
4.65116
3.65448
5.31561
5.31561
6.64452
2.65781
2.99003
3.65448
3.32226
4.31894
2.99003
2.32558
2.32558
0.996678
0.332226
0.332226
0
0.332226
0
0
0
0
0
0
0
0
0
0
0
0
0
0
1.3289
0.664452
0.332226
1.66113
1.66113
0.664452
0.664452
0
0.332226
0.664452
0
0
0.332226
0
0
0.664452
0.664452
1.66113
0.996678
1.99336
1.99336
6.97674
3.65448
5.31561
4.98339
5.98007
7.97342
5.98007
4.31894
3.65448
6.64452
9.30232
6.31229
4.98339
4.31894
3.65448
0
0
0
0
0
0
0
0
0
0
0
0
0
0
0
0
0
0
0
0
0
0
0
0
0
0
0
0
0
0
0
0
0
0
0
0
0
0
0
0
0
0
0
0
0
0
0
0
0
0
0
0
0
0
0
0
0
0
0
0
0
0
0
0
0
0
0
0
0
0
0
0
0
0
0
0
0
0
0
0
0
0
0
0
0
0
0
0
0
0
0
0
0
0
0
0
0
0
0
0
0
0
0
0
0
0
0
0
87.086
12.9139
0
0
0
0
0
0
0
0
0
0
0
0
0
0
0
0
0
0
0
0
0
0
0
0
0
0
0
0
0
0
0
0
0
0
0
0
0
0
0
0
0
0
0
0
0
0
0
0
0
0
0
0
0
0
0
0
0
0
0
0
0
0
0
0
0
0
0
0
0
0
0
0
0
0
0.0827815
0.688742
0.165563
0.0430464
0.013245
0
0
0
0
0.00662252
0
0
0
0
0
0
0
0
0
0
0
0
0
0
0
0
0
0
0
0
0
0.00331126
0.00331126
0.00662252
0.0198676
0.0165563
0.0364238
0.0264901
0.0331126
0.0264901
0.0231788
0.0331126
0.0761589
0.125828
0.142384
0.168874
0.0860927
0.0529801
0.0430464
0.0231788
0.013245
0.0165563
0.00993378
0.00993378
0
0.00331126
0
0
0
0
0
0
0
0
0
0
0
0
0.0629139
0.0629139
0.0695364
0.115894
0.115894
0.201987
0.195364
0.0662252
0.0562914
0.00993378
0.0198676
0.00662252
0.00662252
0.00662252
0
0.00331126
0
0
0
0
0
