1.3253
0.722892
0.60241
0.481928
0.963855
0.722892
0.240964
0
0.120482
0
0
2.04819
3.01205
4.81928
5.06024
6.0241
5.06024
4.6988
6.74699
6.50603
7.10844
7.46988
5.78313
4.6988
3.13253
4.09639
1.44578
0.722892
1.56627
0.963855
0.120482
0.120482
0
0.120482
0
0
0.120482
0.481928
0.963855
1.20482
1.92771
2.40964
2.16867
1.68675
2.6506
0.361446
0.361446
0.60241
0.361446
0.240964
0.722892
0.240964
0.481928
0.361446
0.722892
0.60241
0.120482
0.361446
0.361446
1.3253
6.0241
6.0241
7.95181
5.30121
3.9759
4.93976
4.21687
8.07229
6.38554
3.9759
4.93976
5.18072
6.86747
6.86747
5.90362
2.04819
0.361446
0.481928
0.361446
0.481928
0
0
0.120482
0.120482
0.361446
0.240964
0.481928
0.240964
0.481928
0.481928
0
0
0
0
0
0
0
0
0
0
0
0
0
0
0
0.240964
1.20482
1.3253
0.843373
0.963855
0.60241
0.60241
1.20482
0.963855
4.09639
3.9759
5.66265
7.10844
9.63855
7.83133
3.9759
5.90362
4.09639
5.66265
4.21687
3.73494
3.61446
4.33735
3.85542
2.53012
2.6506
2.04819
3.01205
1.68675
2.53012
0
0
0
0
0
0
0
0
0
0
0
0
0
0
0
0
0
0
0
0
0
0
0
0
0
0
0
0
0
0
0
0
0
0
0
0
0
0
0
0
0
0
0
0
0
0
0
0
0
0
0
0
0
0
0
0
0
0
0
0
0
0
0
0
0
0
0
0
0
0
0
0
0
0
0
0
0
0
0
0
0
0
0
0
0
0
0
0
0
0
0
0
0
0
0
0
0
0
0
0
0
0
0
0
0
0
0
0
58.123
41.8773
0
0
0
0
0
0
0
0
0
0
0
0
0
0
0
0
0
0
0
0
0
0
0
0
0
0
0
0
0
0
0
0
0
0
0
0
0
0
0
0
0
0
0
0
0
0
0
0
0
0
0
0
0
0
0
0
0
0
0
0
0
0
0
0.199759
0.0168472
0
0
0.00722022
0.641396
0.00842359
0
0.00601685
0.00361011
0.00842359
0.0168472
0.0589651
0.0240674
0.00240674
0.00120337
0
0
0
0
0
0
0
0
0
0
0
0
0
0
0
0
0
0.00481348
0
0
0
0
0
0
0
0
0
0
0
0
0.00481348
0.00240674
0.00601685
0
0.0108303
0.0204573
0.0276775
0.0433213
0.064982
0.108303
0.194946
0.22142
0.123947
0.0625752
0.0685921
0.0240674
0.0120337
0.00120337
0.00120337
0.00120337
0
0
0
0
0
0
0
0
0
0
0
0
0
0.0240674
0.509025
0.143201
0.0385078
0.0577617
0.0168472
0.0288809
0.0601685
0.0276775
0.0276775
0.0433213
0.0156438
0.00722022
0
0
0
0
0
0
0
0
