1.50565
0.376412
0.125471
0
0.125471
0.376412
2.133
1.63112
2.00753
1.38018
0.376412
0.752823
3.26223
2.76035
1.88206
2.50941
3.26223
4.266
6.02259
6.14806
7.90465
3.63865
1.00376
1.88206
2.00753
2.88582
4.39147
4.51694
3.38771
2.63488
2.76035
4.14053
2.50941
1.25471
0
0
0
0.376412
0.627353
0.627353
1.38018
1.88206
3.76412
2.88582
2.76035
0.878294
0.501882
0.125471
0.125471
0
0
0
0.125471
0.250941
0.125471
0
0
0
0
0
0
2.38394
5.64618
7.15182
7.02635
7.40277
9.03388
10.9159
12.2961
7.52824
7.40277
6.27353
8.15559
3.51318
0
0.125471
0
0.125471
0
0.376412
0
0
0
0.125471
0.125471
0.125471
0.376412
0.627353
0.627353
0.627353
0
0
0
0
0
0
0
0
0
0
0
0
0
0
0
0
0
1.12923
0
0
0
0
0.125471
1.75659
5.01882
3.76412
6.77541
8.03012
4.89335
2.76035
4.64241
4.64241
4.51694
2.88582
3.63865
5.39524
4.51694
3.63865
3.88959
4.01506
5.64618
3.63865
5.39524
5.26976
4.14053
0
0
0
0
0
0
0
0
0
0
0
0
0
0
0
0
0
0
0
0
0
0
0
0
0
0
0
0
0
0
0
0
0
0
0
0
0
0
0
0
0
0
0
0
0
0
0
0
0
0
0
0
0
0
0
0
0
0
0
0
0
0
0
0
0
0
0
0
0
0
0
0
0
0
0
0
0
0
0
0
0
0
0
0
0
0
0
0
0
0
0
0
0
0
0
0
0
0
0
0
0
0
0
0
0
0
0
0
60.4008
39.5989
0
0
0
0
0
0
0
0
0
0
0
0
0
0
0
0
0
0
0
0
0
0
0
0
0
0
0
0
0
0
0
0
0
0
0
0
0
0
0
0
0
0
0
0
0
0
0
0
0
0
0
0
0
0
0
0
0
0
0
0
0
0
0
0.122807
0.00125313
0
0
0
0.121554
0.00125313
0.00626566
0.0037594
0.00250627
0.0150376
0.0250627
0.111529
0.00501253
0.00125313
0.0037594
0
0.00250627
0.00626566
0.502506
0.0438596
0
0
0
0
0
0
0
0
0
0
0
0.00125313
0.0225564
0
0
0
0
0
0
0
0.00125313
0
0.00626566
0
0.0037594
0.0075188
0.00626566
0.00501253
0.0125313
0.00877193
0.0125313
0.0363409
0.0626566
0.112782
0.112782
0.0714286
0.00501253
0
0.00501253
0.0150376
0.0162907
0.0175439
0.0526316
0.230576
0.172932
0.0250627
0
0
0
0
0
0
0
0
0
0
0
0
0.0288221
0.125313
0.0300752
0.0213033
0.0877193
0.0588972
0.0989975
0.101504
0.27193
0.135338
0.0263158
0.0137845
0
0
0
0
0
0
0
0
0
