0.78125
0.585938
0.390625
0.390625
0.488281
0.878906
0.976563
1.07422
1.17188
0.976563
2.34375
1.75781
2.14844
2.34375
2.44141
3.22266
3.125
3.61328
5.76172
7.12891
8.39844
9.08203
9.96094
4.58984
2.53906
2.05078
0.585938
0.488281
0.390625
0.488281
0.0976563
0
0.0976563
0.488281
0.292969
0.585938
1.07422
1.07422
1.07422
1.85547
2.73438
3.71094
3.51563
1.66016
1.66016
1.5625
0.878906
0.390625
0
0.195313
0
0.0976563
0.0976563
0
0.292969
0.195313
0.0976563
0
0.0976563
0.488281
6.25
5.95703
5.95703
6.54297
8.20313
7.71484
8.20313
7.51953
6.93359
8.00781
6.44531
3.71094
3.41797
4.10156
3.22266
0.0976563
0.0976563
0.292969
0.195313
0.195313
0.0976563
0.195313
0.292969
0
0.195313
0
0.195313
0.195313
0.390625
1.07422
0
0
0
0
0
0
0
0
0
0
0
0
0
0
0
0
0
0.390625
0.683594
1.46484
0.683594
1.07422
0.292969
1.95313
3.71094
3.41797
4.98047
6.44531
6.15234
9.57031
5.85938
6.05469
5.85938
5.07813
4.98047
5.27344
3.71094
3.41797
2.34375
3.51563
2.92969
3.41797
3.02734
2.44141
1.36719
0
0
0
0
0
0
0
0
0
0
0
0
0
0
0
0
0
0
0
0
0
0
0
0
0
0
0
0
0
0
0
0
0
0
0
0
0
0
0
0
0
0
0
0
0
0
0
0
0
0
0
0
0
0
0
0
0
0
0
0
0
0
0
0
0
0
0
0
0
0
0
0
0
0
0
0
0
0
0
0
0
0
0
0
0
0
0
0
0
0
0
0
0
0
0
0
0
0
0
0
0
0
0
0
0
0
0
0
34.6341
65.3658
0
0
0
0
0
0
0
0
0
0
0
0
0
0
0
0
0
0
0
0
0
0
0
0
0
0
0
0
0
0
0
0
0
0
0
0
0
0
0
0
0
0
0
0
0
0
0
0
0
0
0
0
0
0
0
0
0
0
0
0
0
0
0
0.399024
0.0117073
0
0
0.00390244
0.330732
0.00585366
0.0117073
0.00878049
0.0097561
0.0126829
0.0419512
0.116098
0.0243902
0.00097561
0
0
0
0
0
0
0
0
0
0
0
0
0
0
0
0
0
0
0.022439
0
0
0
0
0
0
0
0
0
0.00097561
0.00097561
0.00097561
0.00487805
0.00585366
0.00878049
0.0126829
0.0204878
0.0126829
0.0282927
0.0517073
0.0731707
0.125854
0.148293
0.186341
0.101463
0.0731707
0.084878
0.0468293
0.0107317
0.00097561
0
0
0
0
0
0
0
0
0
0
0
0
0
0
0
0.0253659
0.282927
0.075122
0.0409756
0.0897561
0.0643902
0.0234146
0.113171
0.0907317
0.0565854
0.0868293
0.0429268
0.00585366
0.00195122
0
0
0
0
0
0
0
