2.14286
1.90476
1.66667
0
0
0
0
0
0
0
0.47619
1.19048
2.14286
3.80952
9.04762
12.1429
7.38095
3.33333
6.42857
3.09524
2.85714
2.85714
1.90476
2.38095
1.66667
3.09524
3.57143
4.52381
4.76191
2.14286
1.19048
1.42857
1.19048
1.42857
0.238095
0
0
0
0
0
1.90476
2.38095
2.14286
1.42857
2.38095
0
0
0
0
0
0
0.238095
0
0
0.238095
0
0.238095
0.238095
0.238095
0
2.61905
2.14286
3.80952
5.71429
9.52381
7.85714
8.09524
9.04762
9.28572
7.14286
7.14286
6.19048
10
5.95238
2.85714
0
0
0.47619
0.238095
0.238095
0.238095
0
0.47619
0
0
0
0
0
0
0
0
0
0
0
0
0
0
0
0
0
0
0
0
0
0
0
0
0.238095
0.238095
0
0
0.238095
0
0.238095
0.238095
0.47619
4.28571
3.09524
1.90476
2.61905
2.14286
3.80952
3.80952
3.09524
5
5.2381
4.04762
5.95238
7.61905
8.57143
9.76191
8.80952
5.71429
7.14286
5.95238
0
0
0
0
0
0
0
0
0
0
0
0
0
0
0
0
0
0
0
0
0
0
0
0
0
0
0
0
0
0
0
0
0
0
0
0
0
0
0
0
0
0
0
0
0
0
0
0
0
0
0
0
0
0
0
0
0
0
0
0
0
0
0
0
0
0
0
0
0
0
0
0
0
0
0
0
0
0
0
0
0
0
0
0
0
0
0
0
0
0
0
0
0
0
0
0
0
0
0
0
0
0
0
0
0
0
0
0
34.2043
65.7957
0
0
0
0
0
0
0
0
0
0
0
0
0
0
0
0
0
0
0
0
0
0
0
0
0
0
0
0
0
0
0
0
0
0
0
0
0
0
0
0
0
0
0
0
0
0
0
0
0
0
0
0
0
0
0
0
0
0
0
0
0
0
0
0.679335
0.0023753
0
0
0
0
0
0
0.00475059
0.0023753
0
0.0427553
0.0593824
0.0688836
0.0142518
0.0118765
0.0023753
0
0
0
0.00475059
0
0
0
0
0
0
0
0
0
0
0
0.0380048
0.0688836
0
0
0
0
0
0
0
0
0
0.00475059
0.0142518
0.00475059
0.00475059
0.00712589
0.0261283
0.0285036
0.0712589
0.0427553
0.087886
0.0926366
0.0831354
0.0498812
0.0427553
0.0712589
0.137767
0.159145
0.0522565
0.0166271
0.0023753
0
0
0
0
0
0
0
0
0
0
0
0
0
0
0
0
0.0285036
0.0475059
0.0736342
0.0522565
0.0855107
0.166271
0.0665083
0.0498812
0.130641
0.175772
0.0950119
0.023753
0.00475059
0
0
0
0
0
0
0
0
