0.913242
0.608828
0.304414
0
0.152207
0
0.456621
0
0
0
0
0
0.152207
4.26179
9.74125
4.71842
5.78386
5.47945
8.6758
9.89346
11.4155
6.5449
4.56621
2.73973
3.65297
3.65297
3.34855
1.36986
0.456621
1.06545
0.913242
0
0
0
0
0
0
0
0
0.304414
0.608828
1.67428
1.52207
2.58752
2.58752
0
0
0.152207
0
0.152207
0
0.761035
0.304414
0.456621
0.304414
0.304414
0.456621
1.52207
3.80517
3.80517
5.02283
6.24048
6.39269
4.26179
6.5449
4.10959
6.24048
4.414
4.414
4.56621
4.10959
4.56621
2.89193
3.65297
7.30593
4.87062
4.56621
1.06545
0.152207
0
0.761035
0.304414
0.608828
0.152207
0.152207
0
0.456621
0.304414
0
0
0
0
0
0
0
0
0
0
0
0
0
0.304414
0
0.152207
0
1.52207
0.608828
0.152207
0.608828
0.608828
0.608828
0.304414
0
0.913242
3.19635
4.87062
5.63166
3.34855
5.17504
5.17504
3.80517
4.71842
7.00152
6.24048
5.63166
5.93607
5.17504
3.95738
5.17504
4.414
5.17504
3.34855
2.89193
2.58752
0.913242
0
0
0
0
0
0
0
0
0
0
0
0
0
0
0
0
0
0
0
0
0
0
0
0
0
0
0
0
0
0
0
0
0
0
0
0
0
0
0
0
0
0
0
0
0
0
0
0
0
0
0
0
0
0
0
0
0
0
0
0
0
0
0
0
0
0
0
0
0
0
0
0
0
0
0
0
0
0
0
0
0
0
0
0
0
0
0
0
0
0
0
0
0
0
0
0
0
0
0
0
0
0
0
0
0
0
0
0
58.9669
41.0335
0
0
0
0
0
0
0
0
0
0
0
0
0
0
0
0
0
0
0
0
0
0
0
0
0
0
0
0
0
0
0
0
0
0
0
0
0
0
0
0
0
0
0
0
0
0
0
0
0
0
0
0
0
0
0
0
0
0
0
0
0
0
0
0.348024
0.0121581
0
0
0.00303951
0.419453
0
0
0.00303951
0.00151976
0.00607903
0.0212766
0.0942249
0.0288754
0.00303951
0.00151976
0
0
0
0
0.00151976
0
0
0
0
0
0
0
0
0
0
0
0.0151976
0.0410334
0
0
0
0
0
0
0
0
0.00303951
0
0.00303951
0.00151976
0.00607903
0.00151976
0.00911854
0.00759878
0.00759878
0.0151976
0.0364742
0.0395137
0.0668693
0.0699088
0.145897
0.211246
0.12614
0.118541
0.0714286
0.0440729
0.00911854
0.00455927
0
0.00151976
0
0
0
0
0
0
0
0
0
0
0
0
0
0.0258359
0.331307
0.106383
0.0395137
0.0699088
0.0227964
0.0258359
0.0866261
0.0714286
0.0881459
0.0851064
0.0349544
0.0121581
0
0
0
0
0
0
0
0
