2.04082
0.340136
0.340136
0.680272
0
0
0
0
0
0
0
0
1.36054
1.02041
5.44218
13.9456
10.8843
8.84354
8.5034
8.16327
6.12245
5.78231
4.42177
3.06122
4.08163
1.70068
2.72109
2.72109
1.02041
1.02041
0
0.340136
0
0
0
0
0
0
0.340136
0
0.340136
1.02041
0.340136
1.70068
2.04082
0
0
0
0
0
0
0
0.340136
0
0.340136
0.340136
1.36054
3.06122
4.42177
4.42177
5.44218
5.78231
8.16327
5.44218
4.7619
4.7619
3.7415
4.42177
4.7619
4.7619
4.42177
4.42177
5.44218
5.10204
3.40136
3.7415
3.40136
2.72109
0.340136
0
0
0.340136
0.680272
0
0
0
0
0
0
0
0
0
0
0
0
0
0
0
0
0
0
0.680272
1.02041
0.680272
1.02041
1.02041
0.680272
0.340136
0
0.340136
1.02041
0.340136
0.340136
1.70068
4.08163
2.04082
2.72109
1.70068
2.38095
4.08163
3.06122
3.7415
3.7415
6.46258
4.08163
5.78231
4.08163
3.06122
4.08163
8.5034
6.80272
3.40136
4.7619
3.06122
9.52381
0
0
0
0
0
0
0
0
0
0
0
0
0
0
0
0
0
0
0
0
0
0
0
0
0
0
0
0
0
0
0
0
0
0
0
0
0
0
0
0
0
0
0
0
0
0
0
0
0
0
0
0
0
0
0
0
0
0
0
0
0
0
0
0
0
0
0
0
0
0
0
0
0
0
0
0
0
0
0
0
0
0
0
0
0
0
0
0
0
0
0
0
0
0
0
0
0
0
0
0
0
0
0
0
0
0
0
0
87.1184
12.8814
0
0
0
0
0
0
0
0
0
0
0
0
0
0
0
0
0
0
0
0
0
0
0
0
0
0
0
0
0
0
0
0
0
0
0
0
0
0
0
0
0
0
0
0
0
0
0
0
0
0
0
0
0
0
0
0
0
0
0
0
0
0
0
0
0
0
0
0
0
0
0
0
0
0
0.0508475
0.772881
0.122034
0.0372881
0
0
0
0
0
0.0169492
0
0
0
0
0
0
0
0
0
0
0
0
0
0
0
0
0
0
0
0
0
0
0.00677966
0.00338983
0.00677966
0.00677966
0.0135593
0.00338983
0.00677966
0.0169492
0.020339
0.0135593
0.0508475
0.0881356
0.145763
0.264407
0.176271
0.061017
0.0305085
0.020339
0.0271186
0.0135593
0.0135593
0.0101695
0
0
0
0
0
0
0
0
0
0
0
0
0
0
0.0237288
0.020339
0.040678
0.0745763
0.142373
0.281356
0.216949
0.105085
0.020339
0.040678
0.0101695
0.0135593
0.0101695
0
0
0
0
0
0
0
0
