0.330033
0.330033
0.330033
0.330033
0
0
0
0
0
0
0
0
0.330033
7.26073
8.58086
12.5413
11.8812
8.58086
8.25082
3.9604
3.9604
1.9802
2.64026
3.63036
4.62046
3.63036
4.29043
2.31023
2.64026
1.32013
0.660066
1.32013
0
0
0
0
0.330033
0.330033
0.330033
0.660066
0.660066
0
0.330033
0.660066
1.32013
0
0
0
0
0
0.330033
0.330033
0
0.330033
0
0.660066
1.9802
2.64026
3.9604
5.94059
4.29043
6.60066
5.94059
4.62046
4.9505
4.29043
5.61056
3.63036
4.29043
4.9505
6.60066
4.62046
4.62046
2.9703
4.9505
2.64026
3.63036
2.64026
1.65017
0.330033
0
0
0
0.330033
0
0
0
0
0
0
0
0
0
0
0
0
0
0
0
0
0
0.990099
0.660066
0
0.330033
1.32013
0
0.330033
0.660066
0
0.330033
0.330033
0
1.32013
0.660066
0.990099
0.330033
0.330033
2.31023
3.30033
3.9604
8.25082
2.9703
6.60066
7.59076
4.9505
4.29043
5.94059
3.9604
5.28053
6.93069
7.59076
7.59076
6.27063
3.9604
0
0
0
0
0
0
0
0
0
0
0
0
0
0
0
0
0
0
0
0
0
0
0
0
0
0
0
0
0
0
0
0
0
0
0
0
0
0
0
0
0
0
0
0
0
0
0
0
0
0
0
0
0
0
0
0
0
0
0
0
0
0
0
0
0
0
0
0
0
0
0
0
0
0
0
0
0
0
0
0
0
0
0
0
0
0
0
0
0
0
0
0
0
0
0
0
0
0
0
0
0
0
0
0
0
0
0
0
74.3423
25.6579
0
0
0
0
0
0
0
0
0
0
0
0
0
0
0
0
0
0
0
0
0
0
0
0
0
0
0
0
0
0
0
0
0
0
0
0
0
0
0
0
0
0
0
0
0
0
0
0
0
0
0
0
0
0
0
0
0
0
0
0
0
0
0
0
0
0
0
0
0
0
0
0
0
0
0.0723684
0.726974
0.138158
0.0328947
0.00657895
0
0
0
0.00986842
0.0131579
0
0
0
0
0
0
0
0
0
0
0
0
0
0
0
0
0
0
0
0
0
0
0.00328947
0.0164474
0.0131579
0.00328947
0.0164474
0.0197368
0.0427632
0.0197368
0.0197368
0.0394737
0.0493421
0.138158
0.125
0.197368
0.128289
0.0592105
0.0361842
0.0263158
0.00986842
0.0131579
0.00657895
0.0164474
0
0
0
0
0
0
0
0
0
0
0
0
0
0
0.0427632
0.0460526
0.0559211
0.0953947
0.134868
0.194079
0.25
0.0855263
0.0361842
0.0230263
0.00986842
0.0164474
0.00986842
0
0
0
0
0
0
0
0
