0.675676
0.482625
0.482625
0.965251
1.1583
0.965251
0.579151
1.25483
2.22008
2.50965
4.44016
5.59846
1.73745
2.3166
1.73745
1.64093
2.79923
2.41313
5.21236
6.17761
6.17761
6.85329
8.10811
5.01931
2.60618
2.22008
1.35135
0.675676
0.675676
0.0965251
0.482625
0.579151
0.3861
0.965251
0.482625
0.868726
0.3861
1.35135
1.73745
3.4749
2.22008
2.3166
2.7027
1.83398
1.1583
0.675676
0.289575
0.289575
0.0965251
0.19305
0
0.0965251
0.3861
0
0.289575
0.19305
0.19305
0.19305
0.19305
0
0
1.64093
8.49421
6.75676
8.78379
8.97684
8.20464
8.49421
8.01159
8.88031
7.62549
6.66024
9.36294
2.50965
0
0.0965251
0
0.0965251
0
0
0.19305
0.0965251
0.19305
0
0.19305
0.289575
0.3861
0.289575
0.3861
0.3861
0
0
0
0
0
0
0
0
0
0
0
0
0
0
0
0
0
0
0.482625
1.25483
1.64093
1.1583
0.19305
2.60618
2.99228
4.15058
5.30888
5.40541
5.40541
4.82626
4.63321
5.88803
5.21236
7.33591
5.11583
4.53668
4.24711
3.66795
2.22008
2.60618
3.0888
3.66795
2.79923
4.63321
5.01931
0
0
0
0
0
0
0
0
0
0
0
0
0
0
0
0
0
0
0
0
0
0
0
0
0
0
0
0
0
0
0
0
0
0
0
0
0
0
0
0
0
0
0
0
0
0
0
0
0
0
0
0
0
0
0
0
0
0
0
0
0
0
0
0
0
0
0
0
0
0
0
0
0
0
0
0
0
0
0
0
0
0
0
0
0
0
0
0
0
0
0
0
0
0
0
0
0
0
0
0
0
0
0
0
0
0
0
0
60.1734
39.8263
0
0
0
0
0
0
0
0
0
0
0
0
0
0
0
0
0
0
0
0
0
0
0
0
0
0
0
0
0
0
0
0
0
0
0
0
0
0
0
0
0
0
0
0
0
0
0
0
0
0
0
0
0
0
0
0
0
0
0
0
0
0
0
0.379942
0.0202507
0
0
0.00578592
0.357763
0.00675024
0.0125362
0.0125362
0.0135005
0.0115718
0.0318226
0.0983607
0.0163934
0.00578592
0.00385728
0.00096432
0
0
0
0
0
0
0
0
0
0
0
0
0
0
0
0.00771456
0.0144648
0
0
0
0
0
0
0
0
0.00192864
0
0.00096432
0.00289296
0.00289296
0.00771456
0.00578592
0.0106075
0.0221794
0.0298939
0.0433944
0.0684667
0.0838959
0.106075
0.140791
0.155256
0.100289
0.0906461
0.0877531
0.0260366
0.00771456
0.0048216
0
0
0
0
0
0
0
0
0
0
0
0
0
0
0
0.0356798
0.300868
0.0867888
0.0597879
0.0906461
0.0318226
0.0549662
0.103182
0.0414658
0.0578592
0.0916104
0.0405014
0.0048216
0
0
0
0
0
0
0
0
