5.02409
2.20234
1.30764
1.30764
0.550585
0.412939
0.412939
0.757054
1.10117
1.58293
1.23882
1.85822
2.33999
3.02822
2.27116
1.99587
1.65175
2.06469
2.20234
5.29938
6.60703
3.16586
3.30351
3.92292
5.23056
2.61528
1.16999
0.825877
0.619408
0.481762
0.137646
0.481762
0.481762
1.44529
0.757054
2.13352
1.99587
1.65175
3.02822
3.37233
3.64762
3.44116
2.61528
4.06056
4.26703
0.0688231
0.206469
0
0
0.0688231
0
0.0688231
0
0
0.0688231
0.0688231
0.0688231
0
0
0.137646
0
0
0.137646
0.0688231
0
0.0688231
24.3633
55.1966
18.4446
0
0.0688231
0.137646
0
0
0
0.137646
0
0
0.0688231
0
0.0688231
0.137646
0
0
0
0
0.0688231
0.0688231
0.137646
0.137646
0
0
0
0
0
0
0
0
0
0
0
0
0
0
0
0
0
0
0
0
0
0
4.33586
9.29113
8.46525
7.57055
6.67585
6.12526
6.5382
4.95527
4.40468
3.50998
3.64762
2.33999
2.82175
1.58293
2.33999
2.95939
2.33999
2.61528
2.47763
3.50998
3.30351
3.5788
4.67997
0
0
0
0
0
0
0
0
0
0
0
0
0
0
0
0
0
0
0
0
0
0
0
0
0
0
0
0
0
0
0
0
0
0
0
0
0
0
0
0
0
0
0
0
0
0
0
0
0
0
0
0
0
0
0
0
0
0
0
0
0
0
0
0
0
0
0
0
0
0
0
0
0
0
0
0
0
0
0
0
0
0
0
0
0
0
0
0
0
0
0
0
0
0
0
0
0
0
0
0
0
0
0
0
0
0
0
0
53.4385
46.561
0
0
0
0
0
0
0
0
0
0
0
0
0
0
0
0
0
0
0
0
0
0
0
0
0
0
0
0
0
0
0
0
0
0
0
0
0
0
0
0
0
0
0
0
0
0
0
0
0
0
0
0
0
0
0
0
0
0
0
0
0
0
0
0.136176
0.0288858
0
0
0.00343879
0.253783
0.00618982
0.00687758
0.00412655
0.0158184
0.00687758
0.0343879
0.126547
0.0275103
0.00481431
0.00275103
0
0
0.00412655
0.313618
0.0171939
0
0
0
0
0
0
0
0
0
0
0
0
0.00687758
0
0
0
0
0
0
0
0
0
0.00343879
0.00206327
0.00275103
0.00550206
0.00894085
0.00756534
0.00962861
0.0123796
0.022696
0.0385144
0.0818432
0.0825309
0.0790922
0.085282
0.111417
0.0584594
0.0295736
0.0192572
0.0171939
0.0288858
0.0447043
0.129298
0.108666
0.0103164
0
0
0
0
0
0
0
0
0
0
0
0
0.0295736
0.218019
0.0639615
0.0674003
0.10729
0.0405777
0.0385144
0.129986
0.177442
0.0949106
0.0247593
0.00618982
0.00137552
0
0
0
0
0
0
0
0
