1.22449
0.612245
0.612245
1.22449
1.63265
0.816327
1.02041
0.612245
0.204082
0.408163
0.204082
0.204082
1.42857
2.44898
5.5102
7.55102
15.102
11.4286
5.71428
4.69388
6.12245
3.67347
2.65306
3.46939
2.65306
3.26531
2.85714
0.816327
1.63265
0.816327
0.816327
0.204082
0.612245
0
0.204082
0
0.408163
0.612245
0.408163
0.816327
0.612245
0.612245
1.42857
1.63265
1.22449
0.204082
0
0
0
0
0
0.204082
0
0.204082
0.612245
0.612245
0.204082
1.83673
1.42857
2.04082
1.83673
3.06122
3.67347
5.30612
8.77551
6.73469
5.30612
4.89796
7.14285
8.97959
5.71428
5.5102
5.5102
6.32653
5.91837
3.06122
2.85714
1.22449
0
0
0
0
0
0
0.408163
0.204082
0.204082
0
0
0.204082
0
0
0
0
0
0
0
0
0
0
0
0
0.204082
0
0
2.2449
2.04082
3.46939
1.42857
0.408163
0.204082
0.204082
0
0.612245
1.02041
1.63265
1.42857
4.69388
5.10204
3.87755
4.08163
5.5102
4.89796
4.48979
4.48979
4.89796
3.87755
3.67347
4.48979
4.28571
3.67347
5.5102
8.16326
5.10204
4.48979
0
0
0
0
0
0
0
0
0
0
0
0
0
0
0
0
0
0
0
0
0
0
0
0
0
0
0
0
0
0
0
0
0
0
0
0
0
0
0
0
0
0
0
0
0
0
0
0
0
0
0
0
0
0
0
0
0
0
0
0
0
0
0
0
0
0
0
0
0
0
0
0
0
0
0
0
0
0
0
0
0
0
0
0
0
0
0
0
0
0
0
0
0
0
0
0
0
0
0
0
0
0
0
0
0
0
0
0
62.9329
37.0673
0
0
0
0
0
0
0
0
0
0
0
0
0
0
0
0
0
0
0
0
0
0
0
0
0
0
0
0
0
0
0
0
0
0
0
0
0
0
0
0
0
0
0
0
0
0
0
0
0
0
0
0
0
0
0
0
0
0
0
0
0
0
0
0.545825
0.00814664
0
0
0.00610998
0.338086
0
0
0
0.00407332
0
0.00407332
0.01222
0.00407332
0.00814664
0
0
0
0
0
0.00203666
0
0
0
0
0
0
0
0
0
0
0
0.00407332
0.0631365
0
0
0
0
0
0
0
0
0.00203666
0.00814664
0.00407332
0.00407332
0.00407332
0.00407332
0.00203666
0.0142566
0.00610998
0.0101833
0.01222
0.0509165
0.0488798
0.095723
0.0977597
0.177189
0.164969
0.156823
0.0712831
0.0427699
0.0101833
0.00814664
0.00203666
0.00203666
0
0
0
0
0
0
0
0
0
0
0
0
0
0.0285132
0.238289
0.112016
0.0142566
0.0162933
0.0651731
0.0916497
0.0590631
0.0794297
0.142566
0.0875764
0.0509165
0.0101833
0.00203666
0.00203666
0
0
0
0
0
0
