0.922509
0.369004
0.369004
0.184502
0.738007
0.184502
0.184502
0
0.184502
0
1.10701
1.47601
1.66052
2.95203
5.35055
13.6531
7.01107
4.98155
7.38007
6.45756
6.45756
6.45756
6.27306
4.24354
3.50554
2.58303
2.02952
2.21402
1.66052
1.29151
0.922509
0.553506
0.738007
0.369004
0.184502
0
0.184502
0.184502
0.553506
0.553506
0.922509
0.922509
0.369004
1.29151
0.553506
0
0.184502
0.184502
0
0.369004
0
0
0.369004
0.184502
0.738007
0.184502
0.184502
2.58303
6.64206
5.90406
7.38007
3.13653
3.87454
2.95203
3.69004
5.35055
4.42804
6.08856
6.27306
4.42804
3.13653
5.53505
4.79705
5.53505
5.16605
3.50554
2.95203
2.39852
0.184502
0.553506
0.553506
0.184502
0.184502
0.184502
0
0
0
0.184502
0
0
0
0
0
0
0
0
0
0
0
0
0
0
0
0
0.369004
0.922509
1.84502
1.29151
0.738007
0.184502
0.553506
0.738007
0
1.29151
1.47601
1.66052
2.21402
1.84502
2.95203
4.98155
5.35055
7.56457
5.90406
6.82657
5.35055
5.35055
5.90406
6.64206
3.87454
4.24354
5.16605
4.24354
4.24354
3.13653
3.32103
0
0
0
0
0
0
0
0
0
0
0
0
0
0
0
0
0
0
0
0
0
0
0
0
0
0
0
0
0
0
0
0
0
0
0
0
0
0
0
0
0
0
0
0
0
0
0
0
0
0
0
0
0
0
0
0
0
0
0
0
0
0
0
0
0
0
0
0
0
0
0
0
0
0
0
0
0
0
0
0
0
0
0
0
0
0
0
0
0
0
0
0
0
0
0
0
0
0
0
0
0
0
0
0
0
0
0
0
57.8269
42.1731
0
0
0
0
0
0
0
0
0
0
0
0
0
0
0
0
0
0
0
0
0
0
0
0
0
0
0
0
0
0
0
0
0
0
0
0
0
0
0
0
0
0
0
0
0
0
0
0
0
0
0
0
0
0
0
0
0
0
0
0
0
0
0
0.447514
0.0257827
0
0
0.00184162
0.00184162
0.00368324
0.00184162
0.00368324
0.00184162
0.00736648
0.0791897
0.19337
0.112339
0.014733
0.0128913
0
0
0
0
0.00184162
0
0
0
0
0
0
0
0
0
0
0
0.0257827
0.0644567
0
0
0
0
0
0
0
0
0.00184162
0.00184162
0.00736648
0.00368324
0.00736648
0.014733
0.014733
0.0257827
0.0349908
0.0331492
0.0423573
0.0552486
0.0828729
0.121547
0.0976059
0.092081
0.0865562
0.138122
0.0957643
0.0276243
0.0128913
0.00184162
0
0
0
0
0
0
0
0
0
0
0
0
0
0
0
0.0349908
0.0294659
0.0644567
0.0773481
0.0699816
0.116022
0.132597
0.0957643
0.110497
0.117864
0.112339
0.0239411
0.0128913
0.00184162
0
0
0
0
0
0
0
