0.919118
0.183824
0.551471
0.551471
1.83824
1.10294
0.367647
0.367647
0.551471
0.551471
1.10294
2.38971
1.28676
1.10294
2.94118
13.4191
9.375
6.61765
6.9853
8.08824
4.96324
5.14706
5.51471
5.33088
3.49265
2.94118
3.49265
1.28676
1.47059
0.919118
0.367647
0.551471
0
0.367647
0
0
0
0
0
0.367647
0.919118
0.183824
0.367647
0.919118
1.28676
0
0
0.367647
0
0.183824
0.183824
0.551471
0.367647
0.367647
0.735294
0.367647
1.10294
3.49265
3.49265
3.49265
5.33088
5.88235
6.9853
6.06618
6.43383
2.38971
4.04412
2.57353
2.38971
3.67647
4.22794
5.33088
6.25
4.77941
4.77941
3.86029
2.57353
3.30882
1.65441
0.919118
0.551471
0
0.367647
0
0.551471
0
0.367647
0
0.183824
0
0
0
0
0
0
0
0
0
0
0
0
0
0
1.83824
1.10294
0.735294
4.59559
1.10294
1.47059
1.83824
0.551471
0.551471
0
2.57353
3.30882
2.20588
2.20588
0.919118
4.22794
5.88235
5.69853
4.77941
6.06618
5.51471
3.125
6.06618
3.49265
4.96324
4.41177
4.41177
4.41177
2.94118
3.67647
2.94118
2.57353
0
0
0
0
0
0
0
0
0
0
0
0
0
0
0
0
0
0
0
0
0
0
0
0
0
0
0
0
0
0
0
0
0
0
0
0
0
0
0
0
0
0
0
0
0
0
0
0
0
0
0
0
0
0
0
0
0
0
0
0
0
0
0
0
0
0
0
0
0
0
0
0
0
0
0
0
0
0
0
0
0
0
0
0
0
0
0
0
0
0
0
0
0
0
0
0
0
0
0
0
0
0
0
0
0
0
0
0
74.1287
25.8716
0
0
0
0
0
0
0
0
0
0
0
0
0
0
0
0
0
0
0
0
0
0
0
0
0
0
0
0
0
0
0
0
0
0
0
0
0
0
0
0
0
0
0
0
0
0
0
0
0
0
0
0
0
0
0
0
0
0
0
0
0
0
0
0.420183
0.0477064
0
0
0
0.00183486
0
0.00183486
0
0.00733945
0.00366972
0.0715596
0.222018
0.110092
0.0201835
0.00733945
0
0
0
0
0.00183486
0
0
0
0
0
0
0
0
0
0
0
0.0311927
0.053211
0
0
0
0
0
0
0
0
0
0.00733945
0.00366972
0.00917431
0.00550459
0.012844
0.00917431
0.0293578
0.0348624
0.0513761
0.053211
0.0917431
0.0825688
0.0642202
0.0697248
0.0513761
0.108257
0.155963
0.104587
0.0385321
0.0110092
0.00183486
0
0.00366972
0
0
0
0
0
0
0
0
0
0
0
0
0
0.0256881
0.0275229
0.0862385
0.102752
0.0954128
0.102752
0.0807339
0.0568807
0.108257
0.146789
0.115596
0.0440367
0.00550459
0
0.00183486
0
0
0
0
0
0
