1.21065
1.33172
1.21065
1.33172
1.21065
1.21065
1.08959
1.45278
0.726392
2.42131
1.93705
2.90557
1.45278
2.30024
3.5109
2.17918
3.63196
4.47942
5.08474
5.56901
7.26392
8.23244
7.62711
4.96368
4.23729
2.54237
1.57385
0.847458
0.726392
0.363196
0.363196
0.363196
0.121065
0.363196
0.121065
0.847458
0.363196
1.93705
1.33172
2.54237
2.30024
1.45278
0.847458
1.33172
1.21065
0.726392
0
0.121065
0.363196
0.121065
0
0.484262
0.121065
0.121065
0.121065
0
0.242131
0.484262
0.484262
0.484262
2.17918
10.6537
5.9322
5.9322
5.56901
6.17433
5.9322
5.32687
5.20581
5.9322
8.7167
7.99031
7.14285
7.02179
0.484262
0.121065
0.363196
0
0.363196
0.242131
0.363196
0.363196
0.605327
0.363196
0.484262
0.121065
0.242131
0.484262
1.08959
0.847458
0
0
0
0
0
0
0
0
0
0
0
0
0
0
0
0
0.121065
0.242131
0.605327
2.66344
3.02663
0.484262
0.242131
1.57385
3.99516
5.32687
4.23729
4.84261
8.3535
7.26392
5.44794
5.81114
5.44794
5.20581
4.84261
4.47942
3.75303
4.35835
4.23729
3.26877
3.99516
2.66344
2.05811
0.968523
0.605327
0
0
0
0
0
0
0
0
0
0
0
0
0
0
0
0
0
0
0
0
0
0
0
0
0
0
0
0
0
0
0
0
0
0
0
0
0
0
0
0
0
0
0
0
0
0
0
0
0
0
0
0
0
0
0
0
0
0
0
0
0
0
0
0
0
0
0
0
0
0
0
0
0
0
0
0
0
0
0
0
0
0
0
0
0
0
0
0
0
0
0
0
0
0
0
0
0
0
0
0
0
0
0
0
0
0
0
0
57.92
42.0797
0
0
0
0
0
0
0
0
0
0
0
0
0
0
0
0
0
0
0
0
0
0
0
0
0
0
0
0
0
0
0
0
0
0
0
0
0
0
0
0
0
0
0
0
0
0
0
0
0
0
0
0
0
0
0
0
0
0
0
0
0
0
0
0.176542
0.019347
0
0
0.0133011
0.663845
0.00120919
0.00362757
0.00604595
0.00241838
0.00604595
0.00725514
0.0713422
0.0145103
0.00725514
0.00120919
0
0
0
0.00120919
0
0
0
0
0
0
0
0
0
0
0
0
0.00241838
0.00241838
0
0
0
0
0
0
0
0.00120919
0
0.00120919
0
0
0.00604595
0.00483676
0.0133011
0.00362757
0.00725514
0.00725514
0.0314389
0.04474
0.0580411
0.0785973
0.199516
0.229746
0.162031
0.0604595
0.0556227
0.0205562
0.00483676
0.00362757
0.00241838
0.00362757
0
0
0
0
0
0
0
0
0
0
0
0
0
0.0386941
0.528416
0.145103
0.0362757
0.0399033
0.0241838
0.019347
0.070133
0.0302297
0.025393
0.0217654
0.0157195
0.00483676
0
0
0
0
0
0
0
0
