0.733496
0.733496
0.244499
0.977995
0.366748
1.58924
2.56724
2.81174
2.93398
2.81174
1.83374
1.58924
0.977995
1.95599
3.05623
0.977995
1.71149
2.56724
2.20049
3.30073
8.06847
4.27873
4.88998
4.76773
6.11247
7.33497
4.88998
5.13448
1.83374
2.20049
1.58924
2.07824
0.855746
1.71149
1.83374
1.22249
0.733496
0.733496
0.244499
0.977995
0.733496
0.977995
0.244499
0.366748
0.366748
0.366748
0.611247
0.244499
0.122249
0.366748
0.855746
0.855746
0.244499
0.488998
0.122249
0
0.244499
0.244499
2.20049
4.27873
2.68949
2.68949
2.56724
4.64548
4.76773
6.23472
5.25673
6.35697
7.09047
7.33497
6.47922
5.25673
3.78973
4.52323
5.25673
5.37897
2.07824
0.122249
0.366748
0.122249
0.122249
0.122249
0.366748
0.122249
0.366748
0.733496
0.244499
1.10024
0.733496
1.95599
0
0
0
0
0
0
0
0
0
0
0
0
0
0
0.366748
3.30073
1.95599
0.611247
0.122249
0
0
0
0
0.122249
0.611247
0.244499
1.10024
1.83374
3.91198
3.91198
6.72372
7.33497
5.01223
6.23472
5.50122
5.86797
5.74572
5.86797
6.35697
5.74572
5.50122
4.40098
4.03423
3.54523
4.15648
0
0
0
0
0
0
0
0
0
0
0
0
0
0
0
0
0
0
0
0
0
0
0
0
0
0
0
0
0
0
0
0
0
0
0
0
0
0
0
0
0
0
0
0
0
0
0
0
0
0
0
0
0
0
0
0
0
0
0
0
0
0
0
0
0
0
0
0
0
0
0
0
0
0
0
0
0
0
0
0
0
0
0
0
0
0
0
0
0
0
0
0
0
0
0
0
0
0
0
0
0
0
0
0
0
0
0
0
51.4043
48.596
0
0
0
0
0
0
0
0
0
0
0
0
0
0
0
0
0
0
0
0
0
0
0
0
0
0
0
0
0
0
0
0
0
0
0
0
0
0
0
0
0
0
0
0
0
0
0
0
0
0
0
0
0
0
0
0
0
0
0
0
0
0
0
0.137973
0.014652
0
0
0.015873
0.214896
0.00732601
0.00976801
0.010989
0.00976801
0.018315
0.100122
0.406593
0.043956
0.003663
0
0
0
0
0
0
0
0
0
0
0
0
0
0
0
0
0
0
0.00610501
0
0
0
0
0
0
0
0
0.003663
0.00488401
0.019536
0.025641
0.021978
0.025641
0.017094
0.020757
0.023199
0.037851
0.0671551
0.101343
0.15873
0.123321
0.118437
0.0818071
0.0622711
0.029304
0.021978
0.014652
0.00976801
0.001221
0.003663
0.00610501
0
0
0
0
0
0
0
0
0
0
0
0
0
0.102564
0.189255
0.0757021
0.0903541
0.150183
0.108669
0.137973
0.0757021
0.021978
0.021978
0.00732601
0.00854701
0.003663
0.00488401
0.001221
0
0
0
0
0
0
