1.35135
0.579151
0.579151
0.868726
0.289575
0.482625
1.06178
0.675676
1.25483
1.25483
2.89575
0.965251
0.772201
1.9305
1.9305
2.50965
2.7027
5.79151
6.66024
7.14286
3.18533
4.05406
3.37838
3.28185
2.41313
2.22008
0.3861
0.3861
0.868726
0.3861
0.675676
0.675676
1.9305
1.64093
2.22008
3.18533
2.02703
2.02703
2.22008
3.57143
3.28185
6.17761
3.66795
2.22008
2.3166
0.3861
0.289575
0.0965251
0
0
0.19305
0
0.0965251
0.0965251
0.482625
0.0965251
0.289575
0.19305
0.0965251
0.19305
0.3861
0.19305
0.482625
0.579151
7.72201
9.26642
11.7761
10.2317
21.7182
20.7529
9.55599
0.19305
0.482625
0.3861
0.289575
0.19305
0.289575
0.3861
0.289575
0.0965251
0.0965251
1.06178
0.0965251
0
0
0.0965251
0
0
0.3861
0.579151
0
0
0
0
0
0
0
0
0
0
0
0
0
0
0
0
0
0
0
0
0.675676
2.22008
1.35135
10.5212
5.59846
3.66795
3.95753
4.82626
4.63321
4.92278
3.95753
4.15058
3.18533
2.60618
2.79923
3.37838
2.41313
3.0888
3.57143
4.63321
4.82626
4.05406
4.53668
4.82626
5.69498
0
0
0
0
0
0
0
0
0
0
0
0
0
0
0
0
0
0
0
0
0
0
0
0
0
0
0
0
0
0
0
0
0
0
0
0
0
0
0
0
0
0
0
0
0
0
0
0
0
0
0
0
0
0
0
0
0
0
0
0
0
0
0
0
0
0
0
0
0
0
0
0
0
0
0
0
0
0
0
0
0
0
0
0
0
0
0
0
0
0
0
0
0
0
0
0
0
0
0
0
0
0
0
0
0
0
0
0
51.7839
48.2159
0
0
0
0
0
0
0
0
0
0
0
0
0
0
0
0
0
0
0
0
0
0
0
0
0
0
0
0
0
0
0
0
0
0
0
0
0
0
0
0
0
0
0
0
0
0
0
0
0
0
0
0
0
0
0
0
0
0
0
0
0
0
0
0.0732883
0.0327869
0
0
0
0.320154
0.00289296
0.0048216
0.00385728
0.00867888
0.0405014
0.0520733
0.0125362
0.00385728
0.0048216
0.00192864
0
0.00192864
0.0048216
0.391514
0.0366442
0
0
0
0
0
0
0
0
0
0
0
0.00192864
0.00096432
0
0
0
0
0
0
0
0
0.00096432
0.00192864
0.00289296
0.00289296
0.00289296
0.00771456
0.0154291
0.0125362
0.0106075
0.0192864
0.0260366
0.0298939
0.045323
0.072324
0.0626808
0.096432
0.0703954
0.0385728
0.0298939
0.0472517
0.0424301
0.0462874
0.160077
0.143684
0.0115718
0
0
0
0
0
0
0
0
0
0
0
0
0.0289296
0.275796
0.0838959
0.0231437
0.0231437
0.0250723
0.0395371
0.0983607
0.1919
0.132112
0.0443587
0.0327869
0.00096432
0
0
0
0
0
0
0
0
