2.35935
1.08893
0.362976
1.17967
0.635209
0.544465
0.453721
0.362976
2.35935
2.81307
1.54265
0.816697
1.08893
1.27042
1.90563
3.17604
1.90563
5.53539
4.80944
5.98911
7.53176
8.71143
6.89655
2.45009
2.99455
2.35935
0.635209
0.725953
0.453721
0.544465
0.453721
0.998185
0.453721
0.272232
0.0907441
0.272232
0.362976
0.635209
2.54083
2.63158
2.54083
3.44827
3.44827
5.08167
3.35753
0.453721
0.0907441
0
0
0
0
0.0907441
0.0907441
0
0.272232
0
0
0
0.181488
0.181488
0.272232
0.0907441
0.272232
5.80762
9.25589
7.89473
13.8838
17.0599
16.0617
10.4356
10.6171
5.3539
0.272232
0.272232
0.0907441
0.181488
0
0
0.0907441
0
0.181488
0.0907441
0.0907441
0
0
0.272232
0
0.0907441
0
0.0907441
0
0
0
0
0
0
0
0
0
0
0
0
0
0
0
0
0
0
0
0
1.81488
1.08893
1.45191
5.44464
8.4392
6.62432
8.4392
6.8058
5.98911
5.89836
5.26316
4.35572
3.72051
3.17604
3.90199
3.53902
4.08348
2.99455
2.08711
2.72232
2.35935
2.2686
2.35935
1.81488
3.44827
0
0
0
0
0
0
0
0
0
0
0
0
0
0
0
0
0
0
0
0
0
0
0
0
0
0
0
0
0
0
0
0
0
0
0
0
0
0
0
0
0
0
0
0
0
0
0
0
0
0
0
0
0
0
0
0
0
0
0
0
0
0
0
0
0
0
0
0
0
0
0
0
0
0
0
0
0
0
0
0
0
0
0
0
0
0
0
0
0
0
0
0
0
0
0
0
0
0
0
0
0
0
0
0
0
0
0
0
63.1908
36.8087
0
0
0
0
0
0
0
0
0
0
0
0
0
0
0
0
0
0
0
0
0
0
0
0
0
0
0
0
0
0
0
0
0
0
0
0
0
0
0
0
0
0
0
0
0
0
0
0
0
0
0
0
0
0
0
0
0
0
0
0
0
0
0
0.211242
0.0199456
0
0
0.00271985
0.326383
0.0108794
0.00543971
0.00453309
0.00725295
0.0145059
0.0480508
0.325476
0.011786
0.00543971
0.00181324
0
0
0
0
0
0
0
0
0
0
0
0
0
0
0
0
0
0.00453309
0
0
0
0
0
0
0
0
0.00181324
0.00362647
0.00815956
0.00543971
0.00362647
0.0099728
0.011786
0.00725295
0.0181324
0.0163191
0.0262919
0.0761559
0.116954
0.130553
0.180417
0.173164
0.0888486
0.038078
0.0326383
0.0281052
0.0099728
0.00725295
0.00543971
0
0
0
0
0
0
0
0
0
0
0
0
0
0
0.0299184
0.300997
0.0679964
0.038078
0.136899
0.0924751
0.0897552
0.1233
0.0453309
0.0299184
0.0217588
0.0163191
0.00634633
0.000906618
0
0
0
0
0
0
0
