1.26382
0.315956
0.473934
0.157978
0.789889
0.473934
0.157978
0
0
0
0.315956
1.26382
0.473934
2.36967
7.74092
5.84518
8.05688
6.95103
6.95103
9.47868
10.5845
8.05688
4.58136
4.58136
2.8436
3.47551
1.26382
1.26382
0.789889
1.57978
0.631912
0
0
0.157978
0
0
0.157978
0.157978
0
0.157978
0.947867
0.315956
0.473934
2.21169
2.8436
0
0.157978
0.157978
0
0.157978
0
0.157978
0.631912
0
0.315956
0
0
1.26382
5.52923
6.95103
4.73934
5.05529
5.21327
3.63349
3.47551
3.79147
5.37125
5.52923
5.52923
6.63507
4.58136
4.42338
4.89731
2.52765
5.21327
5.52923
4.10742
1.10585
0.473934
0.315956
0.315956
0
0.157978
0.789889
0.473934
0.473934
0.157978
0.315956
0
0
0
0
0
0
0
0
0
0
0
0
0
0.315956
0
0.157978
0
0.473934
0.789889
1.10585
0.947867
0.789889
0.315956
0.473934
0.157978
2.21169
2.68562
4.2654
3.94945
4.42338
3.94945
5.37125
4.42338
7.42496
4.73934
5.84518
5.84518
5.21327
6.16114
4.2654
3.63349
4.42338
4.73934
3.63349
3.63349
1.73776
2.05371
0
0
0
0
0
0
0
0
0
0
0
0
0
0
0
0
0
0
0
0
0
0
0
0
0
0
0
0
0
0
0
0
0
0
0
0
0
0
0
0
0
0
0
0
0
0
0
0
0
0
0
0
0
0
0
0
0
0
0
0
0
0
0
0
0
0
0
0
0
0
0
0
0
0
0
0
0
0
0
0
0
0
0
0
0
0
0
0
0
0
0
0
0
0
0
0
0
0
0
0
0
0
0
0
0
0
0
0
32.8075
67.1927
0
0
0
0
0
0
0
0
0
0
0
0
0
0
0
0
0
0
0
0
0
0
0
0
0
0
0
0
0
0
0
0
0
0
0
0
0
0
0
0
0
0
0
0
0
0
0
0
0
0
0
0
0
0
0
0
0
0
0
0
0
0
0
0.392744
0.00788643
0
0
0.00315457
0.394322
0.00315457
0.00315457
0.00315457
0.00473186
0.00788643
0.022082
0.0851735
0.0189274
0.00630915
0.00315457
0
0
0.00157729
0
0
0
0
0
0
0
0
0
0
0
0
0
0.0157729
0.0268139
0
0
0
0
0
0
0
0
0.00315457
0.00315457
0.00157729
0.00630915
0.00630915
0.011041
0.0205047
0.0126183
0.0141956
0.0283912
0.0425868
0.0709779
0.0678233
0.0977918
0.0662461
0.179811
0.148265
0.135647
0.0504732
0.0252366
0.00630915
0
0
0.00157729
0
0
0
0
0
0
0
0
0
0
0
0
0
0.0410095
0.304416
0.129338
0.0567823
0.0520505
0.0205047
0.0646688
0.044164
0.0630915
0.116719
0.0630915
0.0394322
0.00473186
0
0
0
0
0
0
0
0
