0.612245
0.408163
0.408163
1.02041
0.204082
0
0
0
0.204082
0.612245
0.612245
1.02041
1.42857
2.2449
3.87755
8.77551
10
7.7551
7.95918
5.91837
4.89796
4.89796
3.87755
5.71428
6.32653
3.67347
3.87755
1.63265
1.83673
1.22449
0.408163
0.408163
1.42857
1.83673
0.204082
0
0
0
0.204082
0.204082
0.612245
0.408163
1.22449
1.83673
0.408163
0
0.204082
0.204082
0.612245
0.816327
1.02041
1.83673
0.816327
0.408163
0
0.408163
2.65306
2.2449
2.85714
4.28571
2.85714
5.30612
3.46939
2.85714
2.04082
3.26531
3.06122
5.5102
4.28571
4.28571
6.32653
4.48979
4.48979
7.7551
4.89796
3.87755
3.26531
4.28571
1.83673
0.612245
0.408163
0.408163
0.408163
0.816327
0.204082
0.408163
0.408163
0
0
0
0
0
0
0
0
0
0
0
0
0
0
0
0.408163
0
0
2.04082
1.83673
2.04082
0.816327
0.612245
0.204082
0.204082
0
0
1.83673
3.46939
2.65306
3.46939
6.12245
4.69388
3.87755
7.55102
6.73469
4.28571
2.85714
4.28571
2.65306
2.65306
4.69388
3.46939
2.2449
3.46939
4.69388
5.71428
10.6122
0
0
0
0
0
0
0
0
0
0
0
0
0
0
0
0
0
0
0
0
0
0
0
0
0
0
0
0
0
0
0
0
0
0
0
0
0
0
0
0
0
0
0
0
0
0
0
0
0
0
0
0
0
0
0
0
0
0
0
0
0
0
0
0
0
0
0
0
0
0
0
0
0
0
0
0
0
0
0
0
0
0
0
0
0
0
0
0
0
0
0
0
0
0
0
0
0
0
0
0
0
0
0
0
0
0
0
0
41.5479
58.4523
0
0
0
0
0
0
0
0
0
0
0
0
0
0
0
0
0
0
0
0
0
0
0
0
0
0
0
0
0
0
0
0
0
0
0
0
0
0
0
0
0
0
0
0
0
0
0
0
0
0
0
0
0
0
0
0
0
0
0
0
0
0
0
0.297352
0.00407332
0
0.00203666
0.0203666
0.608961
0
0
0
0.00203666
0
0.00407332
0.00407332
0
0.00203666
0
0
0
0
0
0
0
0
0
0
0
0
0
0
0
0
0
0.0224033
0.0325866
0
0
0
0
0
0
0
0
0
0
0
0.00203666
0
0.00407332
0.00203666
0.00203666
0.00407332
0.0183299
0.0366599
0.0203666
0.0468432
0.0916497
0.0936864
0.187373
0.191446
0.169043
0.0916497
0.0244399
0.00610998
0.00407332
0.00407332
0
0
0
0
0
0
0
0
0
0
0
0
0
0
0.0590631
0.466395
0.114053
0.00407332
0.00407332
0.00203666
0.0101833
0.0224033
0.0488798
0.13442
0.095723
0.0305499
0.00814664
0
0
0
0
0
0
0
0
