1.79283
1.59363
0.996016
0.796813
0.796813
0.199203
0.199203
0.199203
0.398406
0
0.996016
0
0.796813
1.19522
2.58964
7.96812
5.57769
10.757
8.76494
4.98008
2.58964
3.38645
2.39044
4.78088
4.98008
4.58167
2.78885
3.18725
0.996016
2.78885
2.39044
2.19124
2.39044
1.79283
0.996016
0.796813
0.199203
0.199203
0.199203
0.199203
0.199203
2.19124
0.796813
1.99203
0.59761
0
0.59761
0
0.199203
0.996016
0.398406
0.796813
0.398406
0.796813
0.199203
0
0.199203
0.398406
3.78486
6.77291
6.97211
8.36653
6.5737
3.98406
3.78486
6.1753
4.38247
3.18725
4.38247
3.98406
3.78486
4.58167
5.37849
4.58167
4.98008
4.58167
2.78885
0.199203
0.199203
0
0
0.398406
0.199203
0
0.59761
0.199203
0.398406
0
0
0
0
0
0
0
0
0
0
0
0
0
0
0
0
0
0
0.199203
0.398406
0.398406
0.996016
0
0
0
0
0
1.99203
2.39044
7.37052
9.36255
3.98406
3.78486
3.58566
3.18725
4.78088
3.78486
3.38645
2.98805
4.58167
2.98805
4.18327
3.98406
5.97609
6.97211
4.98008
5.77689
8.16733
0
0
0
0
0
0
0
0
0
0
0
0
0
0
0
0
0
0
0
0
0
0
0
0
0
0
0
0
0
0
0
0
0
0
0
0
0
0
0
0
0
0
0
0
0
0
0
0
0
0
0
0
0
0
0
0
0
0
0
0
0
0
0
0
0
0
0
0
0
0
0
0
0
0
0
0
0
0
0
0
0
0
0
0
0
0
0
0
0
0
0
0
0
0
0
0
0
0
0
0
0
0
0
0
0
0
0
0
13.5189
86.481
0
0
0
0
0
0
0
0
0
0
0
0
0
0
0
0
0
0
0
0
0
0
0
0
0
0
0
0
0
0
0
0
0
0
0
0
0
0
0
0
0
0
0
0
0
0
0
0
0
0
0
0
0
0
0
0
0
0
0
0
0
0
0
0
0
0
0
0.0119284
0.988072
0
0
0
0
0
0
0
0
0
0
0
0
0
0
0
0
0
0
0
0
0
0
0
0
0
0
0
0
0
0
0
0
0
0
0
0
0
0
0
0
0
0
0
0.00198807
0.00397614
0.00397614
0.00795229
0.0238569
0.0656064
0.0596421
0.15507
0.308151
0.222664
0.083499
0.0616302
0.00198807
0
0
0
0
0
0
0
0
0
0
0
0
0
0
0
0
0
0.0337972
0.727634
0.236581
0.00198807
0
0
0
0
0
0
0
0
0
0
0
0
0
0
0
0
0
