1.14841
0.706714
1.06007
1.67845
1.67845
1.59011
0.883392
1.94346
4.06361
1.59011
1.41343
1.23675
1.32509
1.85512
6.00707
4.24028
1.94346
3.09187
4.59364
4.32862
3.79859
3.62191
5.65371
5.47704
3.26855
3.62191
1.23675
0.265018
0.795053
0.353357
0.530035
0.706714
0.706714
1.32509
0.971731
0.706714
2.20848
2.56184
2.12014
2.4735
2.38516
3.44523
2.20848
2.29682
0.971731
0.176678
0.0883392
0
0
0.265018
0.0883392
0
0
0.176678
0
0
0.0883392
0.176678
0.353357
0.441696
0.353357
0.618375
0.265018
1.67845
12.0141
9.09894
11.1307
13.1625
17.8445
13.2509
12.8975
2.73852
0.176678
0.176678
0.441696
0.353357
0.0883392
0.265018
0
0.176678
0.0883392
0
0.265018
0.0883392
0.265018
0
0.176678
0
0.353357
0.265018
0
0
0
0
0
0
0
0
0
0
0
0
0
0
0
0
0
0
0
0.0883392
2.73852
1.85512
0.176678
3.44523
5.3887
8.65725
7.33216
7.06714
4.947
6.18375
5.56537
4.947
5.56537
3.97527
3.00353
3.26855
1.67845
2.65018
1.67845
1.85512
2.65018
3.09187
3.09187
3.18021
6.00707
0
0
0
0
0
0
0
0
0
0
0
0
0
0
0
0
0
0
0
0
0
0
0
0
0
0
0
0
0
0
0
0
0
0
0
0
0
0
0
0
0
0
0
0
0
0
0
0
0
0
0
0
0
0
0
0
0
0
0
0
0
0
0
0
0
0
0
0
0
0
0
0
0
0
0
0
0
0
0
0
0
0
0
0
0
0
0
0
0
0
0
0
0
0
0
0
0
0
0
0
0
0
0
0
0
0
0
0
49.6026
50.397
0
0
0
0
0
0
0
0
0
0
0
0
0
0
0
0
0
0
0
0
0
0
0
0
0
0
0
0
0
0
0
0
0
0
0
0
0
0
0
0
0
0
0
0
0
0
0
0
0
0
0
0
0
0
0
0
0
0
0
0
0
0
0
0.187114
0.0220653
0
0
0.00529568
0.31068
0.00882613
0.0105914
0.0105914
0.0167696
0.011474
0.122683
0.255075
0.0282436
0.00176523
0.00264784
0
0
0
0
0
0
0
0
0
0
0
0
0
0
0
0
0
0.00617829
0
0
0
0
0
0
0
0
0
0.000882613
0.00176523
0.00353045
0.00794351
0.0141218
0.0176523
0.0185349
0.0229479
0.0247132
0.0600177
0.0679612
0.105031
0.133274
0.176523
0.161518
0.0661959
0.0344219
0.0291262
0.0220653
0.015887
0.0105914
0.00176523
0.00353045
0
0
0
0
0
0
0
0
0
0
0
0
0
0.0194175
0.293027
0.0891439
0.0714916
0.117387
0.0803177
0.121801
0.116505
0.0167696
0.0247132
0.0238305
0.0150044
0.00617829
0.00176523
0.00264784
0
0
0
0
0
0
