0.882353
0.294118
0.294118
1.02941
1.02941
0.735294
0.735294
0.441176
0.882353
2.20588
0.441176
0.441176
2.05882
4.2647
1.91176
0.882353
2.94118
4.11765
6.47059
6.47059
9.70588
5.88235
7.05883
4.11765
3.82353
6.32353
6.47059
2.05882
0.735294
0.588235
0.588235
0.735294
1.47059
1.47059
0.588235
0.735294
1.02941
0.147059
0.882353
1.76471
1.32353
0.735294
0.735294
0.588235
2.05882
0
0.441176
1.61765
0.441176
0.588235
0.294118
0.441176
0.294118
0.441176
0
0.588235
0.294118
1.17647
3.82353
5.73529
4.2647
3.38235
4.41176
4.41176
4.55882
6.91177
6.47059
5.14706
3.97059
4.2647
4.11765
2.35294
3.52941
4.55882
4.70588
5
3.97059
1.02941
0.735294
0.588235
0.735294
0.735294
0.735294
0.735294
0.441176
0.588235
0.441176
1.17647
0
0
0
0
0
0
0
0
0
0
0
0
0
0
0
0
0.147059
2.20588
7.05883
2.94118
0.882353
1.61765
0.588235
0.294118
0.588235
1.61765
2.64706
1.76471
2.64706
3.52941
5.29412
7.05883
7.94118
6.91177
5
4.70588
4.2647
3.38235
4.11765
3.82353
2.05882
2.64706
1.76471
2.64706
2.35294
3.23529
4.41176
0
0
0
0
0
0
0
0
0
0
0
0
0
0
0
0
0
0
0
0
0
0
0
0
0
0
0
0
0
0
0
0
0
0
0
0
0
0
0
0
0
0
0
0
0
0
0
0
0
0
0
0
0
0
0
0
0
0
0
0
0
0
0
0
0
0
0
0
0
0
0
0
0
0
0
0
0
0
0
0
0
0
0
0
0
0
0
0
0
0
0
0
0
0
0
0
0
0
0
0
0
0
0
0
0
0
0
0
47.5771
52.4229
0
0
0
0
0
0
0
0
0
0
0
0
0
0
0
0
0
0
0
0
0
0
0
0
0
0
0
0
0
0
0
0
0
0
0
0
0
0
0
0
0
0
0
0
0
0
0
0
0
0
0
0
0
0
0
0
0
0
0
0
0
0
0
0.143906
0.0117474
0
0
0
0.155653
0.0161527
0.0176211
0.00734214
0.00734214
0.020558
0.143906
0.452276
0.00734214
0
0
0
0
0
0
0
0
0
0
0
0
0
0
0
0
0
0
0.00146843
0.0146843
0
0
0
0
0
0
0
0
0.00293686
0.00293686
0.00587372
0.00587372
0.00146843
0.00734214
0.0190896
0.00734214
0.0146843
0.0176211
0.0572687
0.0704846
0.140969
0.180617
0.220264
0.123348
0.0293686
0.020558
0.0117474
0.0279001
0.0161527
0.00734214
0.00440529
0.00293686
0.00146843
0
0
0
0
0
0
0
0
0
0
0
0
0.0602056
0.136564
0.0249633
0.041116
0.139501
0.208517
0.139501
0.152717
0.0279001
0.020558
0.0190896
0.0146843
0.00440529
0.00587372
0
0.00440529
0
0
0
0
0
