0.614754
0.204918
0.409836
1.84426
1.43443
0.204918
0.204918
0
0.204918
0.409836
0.204918
0.819672
0.819672
0.819672
3.27869
5.7377
14.3443
11.6803
10.4508
5.7377
7.78688
8.19672
5.7377
3.68852
3.48361
4.91803
1.43443
1.02459
0.409836
0.204918
0
0
0
0
0
0
0
0
0
0.614754
0.409836
0.204918
0.819672
1.22951
0.614754
0
0
0.409836
0.204918
0.409836
0.614754
0.409836
0.204918
0.204918
0.614754
2.45902
1.02459
2.86885
2.66393
3.68852
3.68852
4.91803
6.14754
4.91803
4.91803
3.48361
3.07377
5.32787
3.89344
6.55737
2.86885
4.30328
4.5082
6.14754
5.94262
3.68852
3.68852
1.43443
1.84426
1.84426
0
0.409836
0
0.409836
0
0
0.204918
0.204918
0
0
0
0
0
0
0
0
0
0
0
0
0.204918
0.409836
0.614754
0.409836
1.43443
1.63934
2.45902
3.07377
0.819672
1.02459
0.614754
0.614754
0.409836
1.43443
0.409836
2.04918
1.22951
3.07377
5.12295
6.55737
4.91803
4.30328
5.12295
6.35246
6.35246
6.14754
5.12295
4.91803
5.7377
3.68852
2.86885
3.68852
3.48361
3.27869
0.614754
0
0
0
0
0
0
0
0
0
0
0
0
0
0
0
0
0
0
0
0
0
0
0
0
0
0
0
0
0
0
0
0
0
0
0
0
0
0
0
0
0
0
0
0
0
0
0
0
0
0
0
0
0
0
0
0
0
0
0
0
0
0
0
0
0
0
0
0
0
0
0
0
0
0
0
0
0
0
0
0
0
0
0
0
0
0
0
0
0
0
0
0
0
0
0
0
0
0
0
0
0
0
0
0
0
0
0
0
91.2063
8.79345
0
0
0
0
0
0
0
0
0
0
0
0
0
0
0
0
0
0
0
0
0
0
0
0
0
0
0
0
0
0
0
0
0
0
0
0
0
0
0
0
0
0
0
0
0
0
0
0
0
0
0
0
0
0
0
0
0
0
0
0
0
0
0
0.437628
0.0327198
0
0
0.00204499
0
0
0
0.00204499
0.00408998
0.0143149
0.0715746
0.241309
0.0817996
0.0204499
0.00408998
0
0
0
0
0.00204499
0
0
0
0
0
0
0
0
0
0
0
0.0265849
0.0593047
0
0
0
0
0
0
0
0
0
0.00204499
0.00613497
0.00613497
0.00817996
0.0143149
0.00613497
0.00613497
0.0143149
0.0245399
0.0143149
0.0449898
0.0981595
0.102249
0.0797546
0.0695297
0.145194
0.198364
0.0920245
0.0511247
0.0102249
0.00408998
0
0.00204499
0
0
0
0
0
0
0
0
0
0
0
0
0
0.0265849
0.0204499
0.0184049
0.0633947
0.122699
0.112474
0.0695297
0.0777096
0.141104
0.179959
0.116564
0.0347648
0.0102249
0.00408998
0.00204499
0
0
0
0
0
0
