2.40453
2.19236
0.990099
2.40453
2.82886
2.82886
3.46535
2.19236
1.41443
0.919378
1.62659
1.90948
1.83876
3.3239
4.45545
3.88968
2.61669
1.76803
1.69731
2.54597
3.53607
2.12164
1.90948
2.26308
2.61669
1.69731
1.27298
2.05092
3.18246
3.3239
1.20226
1.62659
1.62659
0.848656
2.12164
2.26308
4.24328
2.26308
1.90948
1.62659
1.83876
2.12164
1.62659
1.83876
1.62659
0
0.141443
0.141443
0.141443
0
0.212164
0.212164
0.0707214
0
0
0.0707214
0.0707214
0
0
0.141443
0.282885
0.0707214
0.0707214
0.141443
0.141443
0.141443
13.3663
66.0534
15.983
0.212164
0
0.141443
0
0
0.141443
0.212164
0.353607
0
0.141443
0
0
0.0707214
0.141443
0.353607
0.141443
0.212164
0.141443
0.0707214
0.141443
0.141443
0
0
0
0
0
0
0
0
0
0
0
0
0
0
0
0
0
0
0
0
0
2.26308
2.9703
9.33521
8.27439
8.55728
7.28429
6.78924
5.3041
6.57708
3.88968
4.38472
3.9604
2.61669
1.9802
1.90948
2.05092
2.89958
2.40453
2.12164
1.83876
2.05092
2.9703
3.46535
4.17256
0
0
0
0
0
0
0
0
0
0
0
0
0
0
0
0
0
0
0
0
0
0
0
0
0
0
0
0
0
0
0
0
0
0
0
0
0
0
0
0
0
0
0
0
0
0
0
0
0
0
0
0
0
0
0
0
0
0
0
0
0
0
0
0
0
0
0
0
0
0
0
0
0
0
0
0
0
0
0
0
0
0
0
0
0
0
0
0
0
0
0
0
0
0
0
0
0
0
0
0
0
0
0
0
0
0
0
0
44.7348
55.2648
0
0
0
0
0
0
0
0
0
0
0
0
0
0
0
0
0
0
0
0
0
0
0
0
0
0
0
0
0
0
0
0
0
0
0
0
0
0
0
0
0
0
0
0
0
0
0
0
0
0
0
0
0
0
0
0
0
0
0
0
0
0
0
0.137809
0.0226148
0
0
0.004947
0.252297
0.00565371
0.00636042
0.004947
0.0162544
0.0190813
0.0303887
0.132155
0.0127208
0.00636042
0.00141343
0
0
0.00353357
0.315901
0.0261484
0
0
0
0
0
0
0
0
0
0
0
0
0.00141343
0
0
0
0
0
0
0
0
0.00141343
0
0.00424028
0.00353357
0.00706714
0.00636042
0.0113074
0.00636042
0.0212014
0.0219081
0.0473498
0.064311
0.0770318
0.126502
0.0855124
0.0791519
0.0537102
0.0254417
0.0204947
0.0183746
0.0183746
0.0508834
0.121555
0.118021
0.00989399
0
0
0
0
0
0
0
0
0
0
0
0
0.0332155
0.213428
0.064311
0.0657244
0.125795
0.0424028
0.0650177
0.0939929
0.175265
0.0840989
0.024735
0.0106007
0.00141343
0
0
0
0
0
0
0
0
