2.53623
2.35507
0.724638
0.362319
0
0.724638
0.181159
0.181159
0
0
0
0
2.71739
3.98551
7.06522
7.6087
5.25362
6.88406
7.06522
5.97826
6.15942
5.7971
3.44203
3.44203
4.16667
2.17391
1.63043
3.26087
2.35507
0.905797
0.724638
0.905797
1.08696
0.362319
0
0
0
0.181159
0.362319
0.543478
1.26812
1.63043
1.63043
2.17391
2.35507
0
0.181159
0
0
0.181159
0.181159
0
0
0.362319
0
0.181159
0
0.181159
0.724638
0.543478
5.61594
5.43478
6.88406
5.97826
5.43478
7.06522
5.7971
6.88406
6.88406
6.7029
6.88406
6.52174
8.51449
6.52174
4.52899
0.724638
0
0.181159
0.181159
0
0
0
0
0.543478
0.362319
0
0
0
0
0
0
0
0
0
0
0
0
0
0
0
0
0
0
0
0
0.181159
0.362319
1.08696
1.26812
0.724638
1.81159
0.362319
0.362319
2.35507
3.98551
4.8913
4.34783
4.16667
4.52899
4.71015
4.71015
3.98551
4.34783
3.80435
3.80435
4.8913
3.98551
5.25362
3.80435
6.52174
5.07246
4.16667
3.62319
3.26087
3.80435
0
0
0
0
0
0
0
0
0
0
0
0
0
0
0
0
0
0
0
0
0
0
0
0
0
0
0
0
0
0
0
0
0
0
0
0
0
0
0
0
0
0
0
0
0
0
0
0
0
0
0
0
0
0
0
0
0
0
0
0
0
0
0
0
0
0
0
0
0
0
0
0
0
0
0
0
0
0
0
0
0
0
0
0
0
0
0
0
0
0
0
0
0
0
0
0
0
0
0
0
0
0
0
0
0
0
0
0
51.8988
48.1013
0
0
0
0
0
0
0
0
0
0
0
0
0
0
0
0
0
0
0
0
0
0
0
0
0
0
0
0
0
0
0
0
0
0
0
0
0
0
0
0
0
0
0
0
0
0
0
0
0
0
0
0
0
0
0
0
0
0
0
0
0
0
0
0.479204
0.00542495
0
0.00180832
0.00723327
0.323689
0.00542495
0
0
0.00361664
0.00180832
0.0162749
0.045208
0.0379747
0.00180832
0
0
0
0
0
0
0
0
0
0
0
0
0
0
0
0
0
0.0162749
0.0542495
0
0
0
0
0
0
0
0
0.00180832
0.00361664
0.00361664
0.00361664
0.0162749
0.0144665
0.034358
0.0271248
0.0433996
0.039783
0.0506329
0.0596745
0.034358
0.0415913
0.045208
0.162749
0.153707
0.132007
0.0904159
0.0289331
0.0108499
0
0.00180832
0
0
0
0
0
0
0
0
0
0
0
0
0
0
0.0415913
0.271248
0.124774
0.0488246
0.0488246
0.0831826
0.0325497
0.0271248
0.0723327
0.128391
0.0813743
0.0307414
0.00904159
0
0
0
0
0
0
0
0
