0.469851
0.861394
0.939702
1.25294
1.48786
2.7408
3.60219
3.52389
3.13234
1.33125
1.33125
1.25294
2.58418
2.03602
3.36727
5.16837
3.36727
2.42757
1.40955
2.27095
1.48786
2.58418
4.69851
4.62021
3.91543
2.19264
3.52389
5.01175
3.28896
1.72279
1.56617
1.40955
1.72279
1.8011
1.33125
1.09632
1.64448
1.17463
2.34926
2.50587
2.34926
0.861394
1.17463
0.704777
0.783085
1.25294
0.469851
1.40955
0.469851
0.861394
0.234926
0.0783085
0.391543
0.234926
0.391543
0
0.234926
0.0783085
0.234926
0.0783085
0.156617
0.234926
0
1.40955
19.7337
9.86687
11.5896
9.39702
12.2944
10.1018
10.4933
0.313234
0.156617
0
0.0783085
0.156617
0
0.234926
0.234926
0
0.0783085
0.156617
0.391543
0.469851
0.626468
1.17463
1.72279
1.40955
0.626468
0.54816
0
0
0
0
0
0
0
0
0
0
0
0
0
0
0
0
0
0
0
2.81911
2.11433
1.25294
0.54816
3.13234
6.49961
12.686
6.18638
8.53563
7.43931
6.4213
4.15035
3.75881
3.36727
2.97573
2.97573
2.42757
2.27095
2.19264
2.27095
2.50587
1.56617
2.11433
2.34926
3.6805
3.83712
0
0
0
0
0
0
0
0
0
0
0
0
0
0
0
0
0
0
0
0
0
0
0
0
0
0
0
0
0
0
0
0
0
0
0
0
0
0
0
0
0
0
0
0
0
0
0
0
0
0
0
0
0
0
0
0
0
0
0
0
0
0
0
0
0
0
0
0
0
0
0
0
0
0
0
0
0
0
0
0
0
0
0
0
0
0
0
0
0
0
0
0
0
0
0
0
0
0
0
0
0
0
0
0
0
0
0
0
52.895
47.1047
0
0
0
0
0
0
0
0
0
0
0
0
0
0
0
0
0
0
0
0
0
0
0
0
0
0
0
0
0
0
0
0
0
0
0
0
0
0
0
0
0
0
0
0
0
0
0
0
0
0
0
0
0
0
0
0
0
0
0
0
0
0
0
0.121283
0.00391236
0
0
0.0164319
0.1518
0.0125196
0.00625978
0.0117371
0.0117371
0.0086072
0.0258216
0.130673
0.0289515
0.0101721
0.00391236
0.000782473
0
0.00782473
0.404538
0.0328638
0
0
0.000782473
0
0
0
0
0
0
0
0
0.000782473
0.0086072
0
0
0
0
0
0
0
0
0.00156495
0.00391236
0.00704225
0.0101721
0.0109546
0.0117371
0.0359937
0.0438185
0.0641628
0.0555556
0.0798122
0.0571205
0.057903
0.0344288
0.0226917
0.0500782
0.0492958
0.0344288
0.0344288
0.0336463
0.0312989
0.0500782
0.099374
0.107981
0.0125196
0
0
0
0
0
0
0
0
0
0
0
0
0.0743349
0.135368
0.129108
0.116588
0.0696401
0.0876369
0.0774648
0.0610329
0.13302
0.0915493
0.0156495
0.0086072
0
0
0
0
0
0
0
0
0
