1.4359
1.94872
1.74359
1.94872
1.12821
0.717949
1.12821
1.02564
0.923077
1.23077
2.35897
1.94872
2.46154
2.35897
1.84615
2.15385
3.58974
4.30769
3.58974
3.69231
4.20513
3.07692
3.79487
4.20513
3.58974
1.53846
1.64103
1.64103
0.820513
0.923077
1.02564
1.53846
1.4359
1.53846
1.74359
1.84615
3.58974
2.66667
2.5641
3.07692
2.46154
3.58974
2.15385
2.05128
1.84615
0.512821
0.205128
0
0.205128
0.102564
0
0.307692
0.205128
0.410256
0
0.102564
0.205128
0.102564
0.102564
0.102564
0.102564
0.102564
0.102564
0
2.35897
34.5641
15.4872
7.17949
11.8974
22.7692
0.923077
0
0.102564
0.205128
0
0.102564
0
0
0
0.205128
0.205128
0.410256
0.410256
0
0
0.102564
0
0.205128
0
0.102564
0
0
0
0
0
0
0
0
0
0
0
0
0
0
0
0
0
0
0
0
0.307692
0.512821
0.615385
5.53847
6.66667
5.4359
4.82051
4.10256
3.58974
3.48718
3.58974
2.35897
2.87179
3.58974
4.10256
3.07692
3.79487
5.33334
3.79487
4.82051
5.33334
5.02564
6.15385
6.76924
4.41026
0
0
0
0
0
0
0
0
0
0
0
0
0
0
0
0
0
0
0
0
0
0
0
0
0
0
0
0
0
0
0
0
0
0
0
0
0
0
0
0
0
0
0
0
0
0
0
0
0
0
0
0
0
0
0
0
0
0
0
0
0
0
0
0
0
0
0
0
0
0
0
0
0
0
0
0
0
0
0
0
0
0
0
0
0
0
0
0
0
0
0
0
0
0
0
0
0
0
0
0
0
0
0
0
0
0
0
0
48.5655
51.4344
0
0
0
0
0
0
0
0
0
0
0
0
0
0
0
0
0
0
0
0
0
0
0
0
0
0
0
0
0
0
0
0
0
0
0
0
0
0
0
0
0
0
0
0
0
0
0
0
0
0
0
0
0
0
0
0
0
0
0
0
0
0
0
0.0778688
0.0297131
0
0
0
0.349385
0.00512295
0.00102459
0.00512295
0.0112705
0.0389344
0.057377
0.00819672
0.00922131
0.00409836
0.00102459
0.00102459
0.00102459
0.00512295
0.359631
0.0338115
0
0
0
0
0
0
0
0
0
0
0
0
0.00102459
0
0
0
0
0
0
0
0
0.00102459
0.00307377
0.00307377
0.00717213
0.00717213
0.00614754
0.00512295
0.0112705
0.0102459
0.0153689
0.0286885
0.0409836
0.057377
0.0706967
0.0737705
0.114754
0.0604508
0.039959
0.0358607
0.0512295
0.039959
0.0645492
0.126025
0.110656
0.0153689
0
0
0
0
0
0
0
0
0
0
0
0
0.0430328
0.273566
0.0952869
0.0286885
0.0266393
0.0389344
0.045082
0.11168
0.128074
0.125
0.0543033
0.0276639
0.00102459
0.00102459
0
0
0
0
0
0
0
