1.04849
1.83486
1.04849
1.96592
2.09699
3.27654
3.4076
3.4076
1.57274
2.35911
1.83486
1.44168
1.17955
1.04849
1.44168
1.17955
2.62123
3.27654
3.01442
2.09699
4.32503
4.06291
3.80079
2.49017
4.98034
2.49017
3.4076
3.27654
2.49017
3.14548
1.83486
1.57274
2.22805
2.62123
1.7038
0.917431
2.88335
1.83486
1.44168
1.44168
0.78637
0.917431
1.31062
1.96592
1.04849
0.524246
0.655308
0
0.262123
0
0.262123
0.393185
0.393185
0
0
0
0
0.131062
0
0
0
0
0
0
0.262123
31.1927
18.4797
11.0092
14.4168
18.8729
1.04849
0
0
0.131062
0
0
0
0.131062
0
0.131062
0
0
0
0.131062
0
0.131062
0.262123
0
0.262123
1.04849
0
0
0
0
0
0
0
0
0
0
0
0
0
0
0
0
0
0
0
0
0.655308
0.917431
0.131062
2.49017
5.1114
3.93185
4.84928
3.66972
6.42202
7.07732
3.66972
4.19397
3.66972
1.44168
2.62123
3.66972
3.01442
3.93185
3.14548
4.32503
5.1114
4.32503
9.04325
6.29096
6.42202
0
0
0
0
0
0
0
0
0
0
0
0
0
0
0
0
0
0
0
0
0
0
0
0
0
0
0
0
0
0
0
0
0
0
0
0
0
0
0
0
0
0
0
0
0
0
0
0
0
0
0
0
0
0
0
0
0
0
0
0
0
0
0
0
0
0
0
0
0
0
0
0
0
0
0
0
0
0
0
0
0
0
0
0
0
0
0
0
0
0
0
0
0
0
0
0
0
0
0
0
0
0
0
0
0
0
0
0
43.7172
56.2827
0
0
0
0
0
0
0
0
0
0
0
0
0
0
0
0
0
0
0
0
0
0
0
0
0
0
0
0
0
0
0
0
0
0
0
0
0
0
0
0
0
0
0
0
0
0
0
0
0
0
0
0
0
0
0
0
0
0
0
0
0
0
0
0.0719895
0.0458115
0
0
0.0039267
0.418848
0.0052356
0.0039267
0.0183246
0.0143979
0.0589005
0.225131
0.128272
0
0
0
0
0
0
0
0
0
0
0
0
0
0
0
0
0
0
0
0.0013089
0.0039267
0
0
0
0
0
0
0
0
0
0
0.0013089
0.0013089
0.0052356
0.0013089
0.0013089
0.0039267
0.0078534
0.013089
0.0157068
0.0510471
0.117801
0.158377
0.143979
0.157068
0.0981675
0.0510471
0.0510471
0.0497382
0.0510471
0.013089
0.0052356
0.0013089
0
0
0
0
0
0
0
0
0
0
0
0
0
0.0117801
0.358639
0.0798429
0.0170157
0.0196335
0.0824607
0.176702
0.0811518
0.0274869
0.0327225
0.0667539
0.0379581
0.0052356
0.0013089
0.0013089
0
0
0
0
0
0
