0.943396
0.314465
0.314465
0.628931
0
0
0
0
0
0
0
0
1.25786
5.97484
13.522
10.0629
8.49057
5.03145
7.86164
6.91824
6.28931
5.34591
5.34591
5.66038
5.03145
3.14465
3.14465
1.88679
1.88679
0
0
0
0
0
0
0
0
0
0
0.314465
0.628931
0
0
0
0.314465
0
0
0
0
0
0
0
0
0
0.943396
1.88679
3.14465
0.628931
3.77359
2.83019
4.08805
5.03145
6.28931
6.91824
2.20126
2.83019
3.45912
4.08805
7.54717
4.71698
5.34591
5.34591
4.71698
4.40252
5.34591
4.08805
2.51572
3.77359
1.57233
0.943396
0.943396
0
0.628931
0
0
0.314465
0
0
0
0
0
0
0
0
0
0
0
0
0
0
1.25786
1.57233
0.943396
0.314465
0
0.314465
0.628931
0.314465
1.25786
0.628931
0
0.628931
0.314465
1.57233
1.25786
0.628931
0.628931
1.88679
1.88679
4.08805
4.08805
4.40252
3.45912
4.40252
5.03145
7.54717
6.91824
6.28931
6.60378
5.03145
5.97484
5.66038
4.71698
5.34591
4.71698
0
0
0
0
0
0
0
0
0
0
0
0
0
0
0
0
0
0
0
0
0
0
0
0
0
0
0
0
0
0
0
0
0
0
0
0
0
0
0
0
0
0
0
0
0
0
0
0
0
0
0
0
0
0
0
0
0
0
0
0
0
0
0
0
0
0
0
0
0
0
0
0
0
0
0
0
0
0
0
0
0
0
0
0
0
0
0
0
0
0
0
0
0
0
0
0
0
0
0
0
0
0
0
0
0
0
0
0
36.9906
63.0095
0
0
0
0
0
0
0
0
0
0
0
0
0
0
0
0
0
0
0
0
0
0
0
0
0
0
0
0
0
0
0
0
0
0
0
0
0
0
0
0
0
0
0
0
0
0
0
0
0
0
0
0
0
0
0
0
0
0
0
0
0
0
0
0
0
0
0
0
0
0
0
0
0
0
0.0250784
0.76489
0.106583
0.0752351
0.0031348
0
0
0
0.0031348
0.0188088
0.0031348
0
0
0
0
0
0
0
0
0
0
0
0
0
0
0
0
0
0
0
0
0
0.00940439
0.0125392
0.0219436
0.0188088
0.0282132
0.0282132
0.0250784
0.0250784
0.0376176
0.0438871
0.0470219
0.0971787
0.15047
0.184953
0.0971787
0.0626959
0.0376176
0.0282132
0.0219436
0.0125392
0.00940439
0
0
0
0
0
0
0
0
0
0
0
0
0
0
0
0.0846395
0.0564263
0.0438871
0.106583
0.106583
0.241379
0.188088
0.0783699
0.0501567
0.0219436
0.015674
0.00626959
0
0
0
0
0
0
0
0
0
