2.26131
2.88945
1.63317
0.125628
0
0.125628
0.125628
0.125628
0
1.00503
0.502513
0.502513
2.88945
4.0201
3.1407
8.41708
5.90452
4.64824
5.65327
6.15578
4.64824
3.51759
3.01508
2.01005
2.51256
3.01508
2.88945
1.75879
2.38693
2.63819
2.76382
0.628141
0.753769
1.38191
1.00503
1.63317
0.879397
1.00503
0.376884
1.13065
1.38191
2.51256
2.38693
1.88442
1.88442
0
0
0
0
0.125628
0.376884
0.251256
0.125628
0
0.125628
0.125628
0.628141
0.251256
0.628141
0.125628
0.628141
1.38191
9.29648
11.4322
10.804
10.6784
9.67337
6.03015
4.14573
6.28141
8.29145
6.53266
8.29145
0.879397
0.376884
0.125628
0.251256
0.376884
0.376884
0.376884
0.376884
0.251256
0
0
0.251256
0
0.125628
0
0.125628
0
0
0
0
0
0
0
0
0
0
0
0
0
0
0
0
0
0
0
0.376884
0
0.125628
0.879397
0.376884
1.88442
5.40201
8.9196
3.89447
7.28643
4.39699
5.27638
4.0201
3.51759
3.1407
3.76885
4.0201
3.51759
4.27136
4.52261
3.51759
6.65829
4.8995
5.52764
2.88945
4.52261
2.51256
0
0
0
0
0
0
0
0
0
0
0
0
0
0
0
0
0
0
0
0
0
0
0
0
0
0
0
0
0
0
0
0
0
0
0
0
0
0
0
0
0
0
0
0
0
0
0
0
0
0
0
0
0
0
0
0
0
0
0
0
0
0
0
0
0
0
0
0
0
0
0
0
0
0
0
0
0
0
0
0
0
0
0
0
0
0
0
0
0
0
0
0
0
0
0
0
0
0
0
0
0
0
0
0
0
0
0
0
50.5645
49.4353
0
0
0
0
0
0
0
0
0
0
0
0
0
0
0
0
0
0
0
0
0
0
0
0
0
0
0
0
0
0
0
0
0
0
0
0
0
0
0
0
0
0
0
0
0
0
0
0
0
0
0
0
0
0
0
0
0
0
0
0
0
0
0
0.0564617
0.00376412
0
0
0.0489335
0.357591
0.0125471
0.0138018
0.0112923
0.00878294
0.0175659
0.0690088
0.340025
0.0401506
0.0100376
0.00627353
0
0
0.00125471
0.00125471
0
0
0
0
0
0
0
0
0
0
0
0
0
0.00125471
0
0
0
0
0
0
0
0
0
0.00125471
0.00250941
0.00376412
0.0150565
0.0225847
0.0501882
0.0489335
0.0401506
0.0439147
0.0627353
0.0941029
0.0715182
0.0727729
0.0777917
0.163112
0.110414
0.0526976
0.04266
0.0112923
0.00878294
0.00250941
0.00125471
0
0
0
0
0
0
0
0
0
0
0
0
0
0
0.10665
0.260979
0.199498
0.0840652
0.0790464
0.0664994
0.0840652
0.0451694
0.0313676
0.0225847
0.0138018
0.00376412
0.00250941
0
0
0
0
0
0
0
0
