0
0
0
0.3125
0
0
0.3125
0
0
0
0
0
3.4375
2.1875
7.8125
13.125
7.1875
9.0625
9.375
5.9375
7.1875
5.3125
4.0625
3.75
5.625
5.9375
2.5
0.9375
0.9375
0.625
0.3125
0
0.625
0
0
0
0
0
0
0.9375
0
0.3125
0.625
1.25
0.625
0
0.3125
0
0
0
0.625
0.3125
0
0.3125
0.9375
1.875
3.125
2.8125
2.8125
4.375
3.125
4.0625
5.3125
5.625
5.625
3.75
5.3125
5.3125
6.5625
5
1.875
3.125
3.4375
3.4375
3.4375
4.0625
4.0625
3.4375
2.1875
2.5
0
0
0
0.3125
0.3125
0.3125
0.625
0
0
0
0
0
0
0
0
0
0
0
0
0
0
1.875
0.9375
0
0.3125
0.9375
1.25
0.3125
0.625
0.625
0.3125
0
0
0.625
1.875
1.875
2.1875
2.1875
3.125
3.4375
5.3125
2.8125
3.75
2.8125
6.25
7.5
7.8125
7.1875
4.6875
4.0625
4.375
6.5625
4.375
5.3125
5
0
0
0
0
0
0
0
0
0
0
0
0
0
0
0
0
0
0
0
0
0
0
0
0
0
0
0
0
0
0
0
0
0
0
0
0
0
0
0
0
0
0
0
0
0
0
0
0
0
0
0
0
0
0
0
0
0
0
0
0
0
0
0
0
0
0
0
0
0
0
0
0
0
0
0
0
0
0
0
0
0
0
0
0
0
0
0
0
0
0
0
0
0
0
0
0
0
0
0
0
0
0
0
0
0
0
0
0
62.3054
37.6948
0
0
0
0
0
0
0
0
0
0
0
0
0
0
0
0
0
0
0
0
0
0
0
0
0
0
0
0
0
0
0
0
0
0
0
0
0
0
0
0
0
0
0
0
0
0
0
0
0
0
0
0
0
0
0
0
0
0
0
0
0
0
0
0
0
0
0
0
0
0
0
0
0
0
0.05919
0.669782
0.208723
0.046729
0.00934579
0
0
0
0
0.00623053
0
0
0
0
0
0
0
0
0
0
0
0
0
0
0
0
0
0
0
0
0
0.00311526
0
0.0124611
0.0186916
0.00934579
0.0124611
0.0186916
0.0218069
0.0311526
0.0623053
0.102804
0.0809969
0.0903427
0.115265
0.152648
0.11215
0.0560748
0.0373832
0.0155763
0.0155763
0.0186916
0.00934579
0.00311526
0
0
0
0
0
0
0
0
0
0
0
0
0
0
0.046729
0.0529595
0.11215
0.146417
0.102804
0.174455
0.17757
0.109034
0.0311526
0.0155763
0.0249221
0.00311526
0.00311526
0
0
0
0
0
0
0
0
