1.32248
1.22075
1.62767
1.62767
1.01729
1.42421
1.93286
2.84842
2.74669
7.6297
2.84842
4.06918
3.05188
1.52594
2.13632
0.508647
0.712106
0.508647
0.610376
2.03459
4.06918
3.35707
4.57782
4.78128
4.98474
5.79858
2.54324
2.84842
2.74669
1.52594
2.84842
2.33978
1.32248
1.62767
1.62767
1.62767
1.62767
1.62767
0.813835
0.813835
0.915565
1.11902
1.01729
1.22075
0.915565
4.47609
1.7294
0.915565
0.406918
0.406918
0.203459
0.305188
0.203459
0.406918
0.305188
0.101729
0.101729
0.305188
0.305188
0.101729
0.203459
0
8.44354
6.20549
6.10376
6.9176
9.25738
10.885
9.76602
9.25738
5.59512
3.25534
4.06918
0.305188
0.203459
0.305188
0.203459
0.203459
0.203459
0
0.101729
0.101729
0.101729
0.101729
0
0.101729
0.610376
0.508647
0.813835
6.00203
0
0
0
0
0
0
0
0
0
0
0
0
0
0
0
0
0
0.610376
3.76399
1.62767
0.712106
0.915565
0.508647
1.83113
2.74669
4.47609
9.35911
12.1058
6.20549
5.08647
4.37436
4.67955
3.56053
4.67955
3.35707
4.57782
3.15361
4.06918
2.54324
2.84842
3.35707
2.74669
2.03459
2.74669
1.42421
0
0
0
0
0
0
0
0
0
0
0
0
0
0
0
0
0
0
0
0
0
0
0
0
0
0
0
0
0
0
0
0
0
0
0
0
0
0
0
0
0
0
0
0
0
0
0
0
0
0
0
0
0
0
0
0
0
0
0
0
0
0
0
0
0
0
0
0
0
0
0
0
0
0
0
0
0
0
0
0
0
0
0
0
0
0
0
0
0
0
0
0
0
0
0
0
0
0
0
0
0
0
0
0
0
0
0
0
57.6222
42.3781
0
0
0
0
0
0
0
0
0
0
0
0
0
0
0
0
0
0
0
0
0
0
0
0
0
0
0
0
0
0
0
0
0
0
0
0
0
0
0
0
0
0
0
0
0
0
0
0
0
0
0
0
0
0
0
0
0
0
0
0
0
0
0
0.15752
0.00711382
0
0
0.0111789
0.216463
0.0172764
0.00406504
0.0111789
0.0162602
0.0243902
0.115854
0.361789
0.0325203
0.0111789
0.00203252
0
0
0
0.00101626
0
0
0
0
0
0
0
0
0
0
0
0
0
0.0101626
0
0
0
0
0
0
0
0
0.0050813
0.00304878
0.0132114
0.0172764
0.0243902
0.0304878
0.0447154
0.0752033
0.0589431
0.078252
0.0863821
0.0843496
0.0945122
0.0884146
0.0721545
0.101626
0.0497967
0.0355691
0.0182927
0.00914634
0.00406504
0.00304878
0.00101626
0.00101626
0
0
0
0
0
0
0
0
0
0
0
0
0
0.107724
0.193089
0.144309
0.148374
0.0914634
0.10874
0.106707
0.0406504
0.0254065
0.0193089
0.00914634
0.00203252
0.00101626
0.00101626
0.00101626
0
0
0
0
0
0
