2.35935
1.90563
2.17786
1.99637
1.90563
2.72232
2.35935
1.27042
1.36116
0.725953
0.453721
1.17967
2.35935
4.71869
4.62795
3.81125
4.17423
4.26497
3.81125
3.81125
2.81307
3.0853
2.2686
1.90563
1.99637
2.90381
2.72232
3.81125
2.54083
2.72232
1.72414
1.72414
1.17967
1.90563
1.45191
2.81307
1.72414
0.635209
0.998185
1.45191
1.08893
0.816697
0.544465
1.08893
2.17786
0.816697
0.362976
0.181488
0.544465
0.181488
0.181488
0.272232
0.453721
0.453721
0.725953
0.272232
0.453721
0.544465
0.453721
0
0.544465
0.272232
0.181488
1.99637
15.0635
15.3357
11.7967
8.71143
11.2523
14.2468
9.34664
0.181488
0.453721
0
0.181488
0.0907441
0.272232
0.272232
0.181488
0.272232
0.453721
0.272232
0.725953
0.181488
0.453721
0.272232
0.272232
0.272232
0.181488
0.453721
0
0
0
0
0
0
0
0
0
0
0
0
0
0
0
0
0
0
0.272232
4.35572
1.17967
0.272232
0.453721
3.0853
4.17423
9.61887
7.71324
6.07985
7.80399
5.80762
5.98911
5.44464
4.08348
4.35572
3.90199
3.26679
2.17786
3.26679
4.08348
1.54265
2.63158
1.81488
2.72232
1.99637
1.99637
0
0
0
0
0
0
0
0
0
0
0
0
0
0
0
0
0
0
0
0
0
0
0
0
0
0
0
0
0
0
0
0
0
0
0
0
0
0
0
0
0
0
0
0
0
0
0
0
0
0
0
0
0
0
0
0
0
0
0
0
0
0
0
0
0
0
0
0
0
0
0
0
0
0
0
0
0
0
0
0
0
0
0
0
0
0
0
0
0
0
0
0
0
0
0
0
0
0
0
0
0
0
0
0
0
0
0
0
41.9763
58.0231
0
0
0
0
0
0
0
0
0
0
0
0
0
0
0
0
0
0
0
0
0
0
0
0
0
0
0
0
0
0
0
0
0
0
0
0
0
0
0
0
0
0
0
0
0
0
0
0
0
0
0
0
0
0
0
0
0
0
0
0
0
0
0
0.173164
0.0226655
0
0
0.0135993
0.281958
0.00453309
0.00815956
0.0145059
0.0108794
0.0154125
0.0779692
0.336355
0.0353581
0.00453309
0.000906618
0
0
0
0
0
0
0
0
0
0
0
0
0
0
0
0
0
0
0
0
0
0
0
0
0
0
0.00181324
0.00362647
0.00725295
0.0163191
0.0172257
0.0181324
0.011786
0.0199456
0.0181324
0.0353581
0.0589302
0.0779692
0.087942
0.112421
0.159565
0.166818
0.0788758
0.038078
0.0271985
0.019039
0.0145059
0.00543971
0.00181324
0.000906618
0.000906618
0
0
0
0
0
0
0
0
0
0
0
0
0.0417044
0.266546
0.0961015
0.0770626
0.109701
0.0915684
0.114234
0.113327
0.0371714
0.0199456
0.0208522
0.00634633
0.00271985
0.00271985
0
0
0
0
0
0
0
