1.4245
1.61443
1.89934
1.9943
2.5641
2.46914
1.80437
4.46344
1.51947
0.854701
1.4245
0.759734
0.949668
1.9943
2.46914
1.9943
3.03894
6.26781
4.2735
1.61443
2.46914
3.79867
3.89364
5.31814
5.60304
3.22887
1.7094
2.08927
1.23457
0.379867
1.32953
1.51947
1.4245
1.9943
0.854701
1.23457
1.32953
2.08927
1.9943
1.4245
2.08927
1.9943
2.5641
2.08927
1.04463
0.379867
0.0949668
0.189934
0
0.189934
0.189934
0
0.189934
0.189934
0
0.2849
0.0949668
0.569801
0.189934
0.2849
0.2849
0.0949668
0.379867
0
9.11681
12.8205
14.245
11.9658
15.2897
14.34
14.9098
0.474834
0.2849
0
0.189934
0.854701
0.569801
0.2849
0.379867
0.0949668
0.0949668
0
0
0
0
0.189934
0.0949668
0
0
0.2849
0
0
0
0
0
0
0
0
0
0
0
0
0
0
0
0
0
0
0
0
3.1339
2.75404
0.379867
4.2735
7.02754
5.60304
3.79867
4.5584
4.46344
5.41311
5.22317
4.65337
4.93827
5.31814
2.37417
2.94397
2.37417
2.5641
4.17854
2.75404
3.03894
3.89364
3.1339
5.1282
6.17284
0
0
0
0
0
0
0
0
0
0
0
0
0
0
0
0
0
0
0
0
0
0
0
0
0
0
0
0
0
0
0
0
0
0
0
0
0
0
0
0
0
0
0
0
0
0
0
0
0
0
0
0
0
0
0
0
0
0
0
0
0
0
0
0
0
0
0
0
0
0
0
0
0
0
0
0
0
0
0
0
0
0
0
0
0
0
0
0
0
0
0
0
0
0
0
0
0
0
0
0
0
0
0
0
0
0
0
0
57.6847
42.3149
0
0
0
0
0
0
0
0
0
0
0
0
0
0
0
0
0
0
0
0
0
0
0
0
0
0
0
0
0
0
0
0
0
0
0
0
0
0
0
0
0
0
0
0
0
0
0
0
0
0
0
0
0
0
0
0
0
0
0
0
0
0
0
0.147059
0.0218216
0
0
0.000948767
0.344402
0.0056926
0.0104364
0.0104364
0.0218216
0.0493359
0.133776
0.221063
0.0189753
0.0028463
0.00189753
0
0
0
0
0
0
0
0
0
0
0
0
0
0
0
0
0.00189753
0.00759013
0
0
0
0
0
0
0
0
0
0.00474383
0.0028463
0.00664137
0.00474383
0.0142315
0.0237192
0.0294118
0.044592
0.0759013
0.0768501
0.116698
0.0958254
0.0967742
0.0891841
0.118596
0.0759013
0.0426945
0.0303605
0.0265655
0.0142315
0.00759013
0.00189753
0
0
0
0
0
0
0
0
0
0
0
0
0
0
0.0607211
0.273245
0.129981
0.0796964
0.0958254
0.128083
0.100569
0.0313093
0.0351044
0.0227704
0.0275142
0.00948767
0.00474383
0.000948767
0
0
0
0
0
0
0
