2.5732
2.66193
1.86335
1.33097
1.24224
2.66193
1.24224
1.06477
2.5732
0.354925
0.266193
0.532387
2.8394
3.10559
3.9929
4.96894
3.90417
3.72671
3.28305
4.88021
3.72671
3.28305
3.10559
3.28305
2.48447
3.28305
1.95209
2.75067
1.50843
1.59716
1.24224
1.68589
1.33097
0.354925
0.532387
0.443656
1.06477
1.95209
1.86335
2.39574
1.77462
1.95209
2.21828
3.01686
2.21828
0.266193
0.177462
0.0887311
0.0887311
0.177462
0.0887311
0.177462
0.0887311
0.354925
0.177462
0.266193
0.177462
0.0887311
0.354925
0.266193
0.177462
0.266193
0.354925
0.266193
4.17036
18.6335
17.9237
14.9068
18.7223
15.0843
2.66193
0.0887311
0.354925
0.177462
0.532387
0.354925
0.266193
0.0887311
0.266193
0.266193
0.266193
0.0887311
0
0.266193
0.177462
0.177462
0.177462
0
0.0887311
0.443656
0
0
0
0
0
0
0
0
0
0
0
0
0
0
0
0
0
0
0
0
4.25909
1.59716
0.621118
3.81544
6.47738
7.27596
8.16327
6.74357
8.87312
6.21118
5.59006
6.74357
3.90417
3.81544
3.28305
3.01686
3.01686
3.19432
1.86335
1.68589
2.21828
2.12955
1.50843
2.48447
1.59716
0
0
0
0
0
0
0
0
0
0
0
0
0
0
0
0
0
0
0
0
0
0
0
0
0
0
0
0
0
0
0
0
0
0
0
0
0
0
0
0
0
0
0
0
0
0
0
0
0
0
0
0
0
0
0
0
0
0
0
0
0
0
0
0
0
0
0
0
0
0
0
0
0
0
0
0
0
0
0
0
0
0
0
0
0
0
0
0
0
0
0
0
0
0
0
0
0
0
0
0
0
0
0
0
0
0
0
0
51.3299
48.6703
0
0
0
0
0
0
0
0
0
0
0
0
0
0
0
0
0
0
0
0
0
0
0
0
0
0
0
0
0
0
0
0
0
0
0
0
0
0
0
0
0
0
0
0
0
0
0
0
0
0
0
0
0
0
0
0
0
0
0
0
0
0
0
0.179078
0.0221631
0
0
0.00886525
0.283688
0.00886525
0.0124113
0.0124113
0.00531915
0.0177305
0.0886525
0.320035
0.0310284
0.0035461
0.00177305
0
0
0
0
0
0
0
0
0
0
0
0
0
0
0
0
0
0.00443262
0
0
0
0
0
0
0
0
0.00177305
0.00265957
0.00265957
0.00797872
0.0132979
0.0177305
0.0212766
0.0239362
0.0274823
0.0381206
0.0558511
0.0797872
0.125887
0.155142
0.128546
0.123227
0.0664894
0.0416667
0.0265957
0.0221631
0.0132979
0.00177305
0.00265957
0
0
0
0
0
0
0
0
0
0
0
0
0
0
0.0425532
0.266844
0.0868794
0.0939716
0.119681
0.0868794
0.135638
0.0780142
0.0390071
0.0177305
0.0221631
0.0070922
0.0035461
0
0
0
0
0
0
0
0
