1.98238
0.770925
1.10132
0.991189
0.220264
0.550661
0.881057
1.21145
1.10132
0.660793
0.660793
1.10132
1.10132
1.54185
2.09251
3.30397
4.51542
6.60793
6.1674
8.70044
10.6828
7.48899
5.72687
4.40529
5.50661
2.42291
1.43172
0.440529
0.881057
0.330396
0.330396
0.330396
0.991189
0.440529
0.330396
0.770925
0.440529
0.440529
0.330396
0.330396
1.43172
1.10132
1.43172
3.19383
3.63436
0.550661
0.220264
0.110132
0.220264
0.110132
0.991189
0.330396
0.440529
0.110132
0.440529
0.330396
0.550661
0.110132
0.770925
2.86344
6.93833
6.27754
4.84582
5.17621
3.4141
6.71806
6.1674
5.94714
4.40529
6.1674
7.81939
5.39648
4.18502
3.85463
5.17621
3.74449
0.330396
0.440529
0.660793
0.770925
0.440529
0.660793
0.220264
0.881057
0.660793
0.220264
0
0.220264
0
0.220264
0
0
0
0
0
0
0
0
0
0
0
0
0
0
0
0.220264
0.330396
1.54185
1.98238
1.76211
1.54185
0.330396
0.440529
5.28635
5.17621
6.05727
7.15859
7.70925
6.4978
5.06608
4.73568
4.84582
4.18502
2.53304
3.4141
3.30397
2.42291
4.07489
2.97357
2.42291
3.52423
2.64317
2.31278
2.64317
2.97357
0
0
0
0
0
0
0
0
0
0
0
0
0
0
0
0
0
0
0
0
0
0
0
0
0
0
0
0
0
0
0
0
0
0
0
0
0
0
0
0
0
0
0
0
0
0
0
0
0
0
0
0
0
0
0
0
0
0
0
0
0
0
0
0
0
0
0
0
0
0
0
0
0
0
0
0
0
0
0
0
0
0
0
0
0
0
0
0
0
0
0
0
0
0
0
0
0
0
0
0
0
0
0
0
0
0
0
0
54.5656
45.4346
0
0
0
0
0
0
0
0
0
0
0
0
0
0
0
0
0
0
0
0
0
0
0
0
0
0
0
0
0
0
0
0
0
0
0
0
0
0
0
0
0
0
0
0
0
0
0
0
0
0
0
0
0
0
0
0
0
0
0
0
0
0
0
0.122112
0.0187019
0
0
0.019802
0.363036
0.00880088
0.00880088
0.00770077
0.00550055
0.0121012
0.0561056
0.336634
0.0286029
0.00660066
0.00330033
0
0
0
0.00110011
0
0
0
0
0
0
0
0
0
0
0
0
0
0.00110011
0
0
0
0
0
0
0
0
0
0
0.00440044
0.00660066
0.00880088
0.00880088
0.0132013
0.0209021
0.0121012
0.039604
0.0583058
0.0946095
0.110011
0.166117
0.111111
0.140814
0.0748075
0.0539054
0.0330033
0.0264026
0.00990099
0.00440044
0.00220022
0
0
0
0
0
0
0
0
0
0
0
0
0
0
0.0352035
0.331133
0.10231
0.0715071
0.108911
0.0748075
0.129813
0.0583058
0.0242024
0.0319032
0.0220022
0.00770077
0.00110011
0.00110011
0
0
0
0
0
0
0
