0.931099
0.744879
0.372439
0.931099
0.18622
0.558659
0.372439
0
0
0
0.18622
0.372439
0.744879
2.42086
7.26257
12.2905
7.82123
7.63501
5.95903
5.77281
5.77281
8.37989
4.65549
4.09683
3.91061
3.16574
2.42086
2.23464
1.11732
1.67598
0.744879
0.372439
0
0
0
0
0.18622
0.18622
0.372439
0.558659
1.67598
0.744879
0.558659
1.48976
1.30354
0
0
0.18622
0
0.18622
0.18622
0.18622
0.558659
0.744879
0.372439
0.744879
0
1.30354
3.53817
5.40037
5.95903
5.02793
5.58659
5.21415
4.28305
3.35195
4.46927
4.28305
4.46927
5.21415
2.42086
5.02793
5.02793
5.40037
6.33147
4.28305
3.72439
1.30354
0.18622
0.372439
0.372439
0.372439
0.558659
0.744879
0
0.558659
0.372439
0
1.11732
0.744879
0
0
0
0
0
0
0
0
0
0
0
0
0.744879
0.372439
0
1.11732
0.931099
1.11732
1.8622
0.744879
1.11732
0.372439
0.558659
1.48976
3.16574
2.04842
3.72439
4.28305
7.26257
7.44879
5.02793
6.70391
5.40037
5.77281
5.02793
2.97952
3.72439
3.16574
3.72439
3.16574
3.35195
2.60708
3.91061
3.16574
4.09683
0
0
0
0
0
0
0
0
0
0
0
0
0
0
0
0
0
0
0
0
0
0
0
0
0
0
0
0
0
0
0
0
0
0
0
0
0
0
0
0
0
0
0
0
0
0
0
0
0
0
0
0
0
0
0
0
0
0
0
0
0
0
0
0
0
0
0
0
0
0
0
0
0
0
0
0
0
0
0
0
0
0
0
0
0
0
0
0
0
0
0
0
0
0
0
0
0
0
0
0
0
0
0
0
0
0
0
0
69.1452
30.855
0
0
0
0
0
0
0
0
0
0
0
0
0
0
0
0
0
0
0
0
0
0
0
0
0
0
0
0
0
0
0
0
0
0
0
0
0
0
0
0
0
0
0
0
0
0
0
0
0
0
0
0
0
0
0
0
0
0
0
0
0
0
0
0.431227
0.0483271
0
0
0.00185874
0
0.00185874
0.00371747
0
0.00371747
0
0.105948
0.195167
0.0855019
0.0167286
0.00929368
0.00185874
0
0
0.00371747
0.00371747
0
0
0
0
0
0
0
0
0
0
0
0.0204461
0.0669145
0
0
0
0
0
0
0
0
0.00185874
0.00185874
0.00371747
0.00371747
0.00557621
0.0148699
0.00743494
0.0539033
0.0539033
0.0446097
0.0594796
0.0539033
0.0687732
0.063197
0.0724907
0.0576208
0.1171
0.157993
0.105948
0.0427509
0.00743494
0
0.00185874
0
0
0
0
0
0
0
0
0
0
0
0
0
0
0.0185874
0.0446097
0.070632
0.128253
0.0650558
0.0836431
0.0762082
0.0836431
0.130112
0.154275
0.0929368
0.0446097
0.00557621
0
0.00185874
0
0
0
0
0
0
