0.140449
0.140449
0.842697
1.68539
1.26404
0.140449
0
0
0
0
0.421348
0
0.842697
5.19663
7.72472
5.47753
7.44382
8.42697
8.28652
4.77528
4.35393
4.49438
3.23034
2.52809
4.49438
3.08989
2.66854
2.38764
4.35393
4.63483
3.37079
0.842697
0.842697
0.280899
0
0
0
0
0.421348
0.702247
1.40449
0.983146
1.54494
0.561798
0.140449
0
0.280899
0
0.421348
0
0
0.280899
0.842697
0.842697
1.1236
0.702247
0.702247
1.1236
2.80899
4.21348
4.91573
7.16292
7.16292
6.32023
5.75843
5.47753
5.05618
4.35393
4.63483
4.77528
4.77528
5.19663
4.21348
3.93259
2.52809
4.21348
2.52809
0.702247
0.140449
0.280899
0.561798
0.561798
0.561798
0.280899
0.421348
0
0
0.280899
0
0
0
0
0
0
0
0
0
0
0
0
0
0
0.140449
0
0.280899
0
0
0
0
0
0
0
0
0
0
0.702247
1.40449
4.21348
5.33708
2.66854
5.33708
4.35393
2.52809
4.21348
4.63483
6.17978
4.91573
5.05618
6.46068
4.77528
6.74158
6.88202
9.12922
7.30337
6.88202
0
0
0
0
0
0
0
0
0
0
0
0
0
0
0
0
0
0
0
0
0
0
0
0
0
0
0
0
0
0
0
0
0
0
0
0
0
0
0
0
0
0
0
0
0
0
0
0
0
0
0
0
0
0
0
0
0
0
0
0
0
0
0
0
0
0
0
0
0
0
0
0
0
0
0
0
0
0
0
0
0
0
0
0
0
0
0
0
0
0
0
0
0
0
0
0
0
0
0
0
0
0
0
0
0
0
0
0
81.907
18.0926
0
0
0
0
0
0
0
0
0
0
0
0
0
0
0
0
0
0
0
0
0
0
0
0
0
0
0
0
0
0
0
0
0
0
0
0
0
0
0
0
0
0
0
0
0
0
0
0
0
0
0
0
0
0
0
0
0
0
0
0
0
0
0
0.415147
0.0056101
0
0
0.00420757
0.328191
0.00701262
0.00140252
0.00981767
0.00280505
0.00280505
0.0322581
0.123422
0.00841515
0
0
0
0
0
0
0
0
0
0
0
0
0
0
0
0
0
0
0.0168303
0.0420757
0
0
0
0
0
0
0
0
0
0.00140252
0
0
0
0.00841515
0.00140252
0.00841515
0.0140252
0.0252454
0.0392707
0.0617111
0.088359
0.102384
0.141655
0.145863
0.088359
0.103787
0.120617
0.0364656
0.00841515
0.00140252
0.00140252
0.00140252
0
0
0
0
0
0
0
0
0
0
0
0
0
0.0280505
0.244039
0.0869565
0.0504909
0.0953717
0.0322581
0.0280505
0.13324
0.0434783
0.0687237
0.112202
0.0631136
0.0126227
0.00140252
0
0
0
0
0
0
0
