1.81818
1.06061
0.757576
0.151515
0.30303
0.606061
0.454545
0
0.151515
0
0.151515
0.151515
0.909091
6.06061
4.84848
7.27273
12.2727
10.1515
5.15152
3.18182
1.9697
1.51515
1.9697
1.21212
2.12121
2.42424
3.33333
4.24242
3.48485
3.18182
3.0303
1.66667
1.21212
0.606061
0.30303
0
0
0.151515
0.909091
1.9697
3.63636
1.36364
1.21212
2.27273
0.909091
0
0
0.151515
0.454545
0
0.757576
0.151515
0.151515
0.151515
0.757576
0.30303
0.30303
0.757576
0.454545
0.757576
3.78788
5
5.45455
5.75758
8.33333
7.27273
8.0303
9.09091
5.90909
6.36364
7.12121
5.75758
5.45455
4.69697
4.24242
0.30303
0.151515
0.151515
0
0.454545
0.30303
0.151515
0.151515
0.606061
0.151515
0
0.151515
0.151515
0
0
0
0
0
0
0
0
0
0
0
0
0
0
0
0
0
0.606061
1.21212
0
0
0
0
0
0.454545
0.606061
1.51515
1.51515
2.72727
3.93939
6.66667
4.39394
3.33333
2.42424
3.48485
3.18182
2.72727
4.09091
2.87879
4.54545
5.15152
5.45455
5.45455
8.78788
10.1515
8.93939
5.90909
0
0
0
0
0
0
0
0
0
0
0
0
0
0
0
0
0
0
0
0
0
0
0
0
0
0
0
0
0
0
0
0
0
0
0
0
0
0
0
0
0
0
0
0
0
0
0
0
0
0
0
0
0
0
0
0
0
0
0
0
0
0
0
0
0
0
0
0
0
0
0
0
0
0
0
0
0
0
0
0
0
0
0
0
0
0
0
0
0
0
0
0
0
0
0
0
0
0
0
0
0
0
0
0
0
0
0
0
46.8987
53.1015
0
0
0
0
0
0
0
0
0
0
0
0
0
0
0
0
0
0
0
0
0
0
0
0
0
0
0
0
0
0
0
0
0
0
0
0
0
0
0
0
0
0
0
0
0
0
0
0
0
0
0
0
0
0
0
0
0
0
0
0
0
0
0
0
0
0
0
0.0741301
0.414523
0.0075643
0.0121029
0.01059
0.00302572
0.0075643
0.0771558
0.379728
0.01059
0.00302572
0
0
0
0
0
0
0
0
0
0
0
0
0
0
0
0
0
0
0
0
0
0
0
0
0
0
0
0.00453858
0.00151286
0
0.00907716
0.00151286
0.00453858
0.00151286
0.00605144
0.0075643
0.0166415
0.0484115
0.0801815
0.130106
0.136157
0.133132
0.157337
0.13767
0.0635401
0.0226929
0.0151286
0.00605144
0.00605144
0.00605144
0.00302572
0.00151286
0
0
0
0
0
0
0
0
0
0
0
0
0.0590015
0.293495
0.192133
0.0347958
0.111952
0.118003
0.0877458
0.0423601
0.0166415
0.0136157
0.01059
0.01059
0.00453858
0.00302572
0.00151286
0
0
0
0
0
0
