2.68595
0.826446
0.413223
0.413223
0.206612
0
0.206612
0
0.103306
0.103306
0
1.65289
2.47934
10.0207
5.2686
5.3719
6.61157
6.19835
6.19835
5.47521
3.92562
3.40909
3.6157
2.16942
1.96281
1.96281
3.40909
2.68595
3.09917
4.23554
3.82231
1.8595
0.309917
0
0
0
0.309917
0
0.309917
0.413223
0.826446
1.23967
1.96281
2.27273
2.06612
0.103306
0.103306
0.413223
0.413223
0.516529
0.413223
0.103306
0.413223
0
0.309917
0.309917
0.413223
0.103306
0
0
3.40909
8.16116
6.50827
6.40496
5.47521
5.16529
4.64876
6.09504
5.57851
7.23141
7.43802
8.78099
7.23141
5.57851
4.44215
0
0.516529
0.413223
0
0.103306
0.206612
0.206612
0.309917
0.309917
0.206612
0.516529
0.206612
0.309917
0.206612
0.826446
0
0
0
0
0
0
0
0
0
0
0
0
0
0
0.723141
0.929752
0.516529
0.723141
0.103306
0.103306
0.103306
0
0.516529
1.7562
1.54959
2.99587
4.02893
4.33884
5.78513
4.64876
5.68182
4.95868
5.06198
4.02893
4.23554
4.33884
3.30579
3.71901
3.71901
5.06198
6.81818
5.06198
6.71488
4.54546
4.02893
0
0
0
0
0
0
0
0
0
0
0
0
0
0
0
0
0
0
0
0
0
0
0
0
0
0
0
0
0
0
0
0
0
0
0
0
0
0
0
0
0
0
0
0
0
0
0
0
0
0
0
0
0
0
0
0
0
0
0
0
0
0
0
0
0
0
0
0
0
0
0
0
0
0
0
0
0
0
0
0
0
0
0
0
0
0
0
0
0
0
0
0
0
0
0
0
0
0
0
0
0
0
0
0
0
0
0
0
41.7956
58.2042
0
0
0
0
0
0
0
0
0
0
0
0
0
0
0
0
0
0
0
0
0
0
0
0
0
0
0
0
0
0
0
0
0
0
0
0
0
0
0
0
0
0
0
0
0
0
0
0
0
0
0
0
0
0
0
0
0
0
0
0
0
0
0
0.381837
0.0134159
0
0
0.0165119
0.323013
0.0103199
0.0134159
0.00928793
0.0134159
0.00928793
0.0474716
0.126935
0.0237358
0.00412797
0.00103199
0
0
0
0
0
0
0
0
0
0
0
0
0
0
0
0
0
0.00619195
0
0
0
0
0
0
0
0
0.00103199
0.00412797
0.00722394
0.00619195
0.00722394
0.0216718
0.0237358
0.0402477
0.0536636
0.0856553
0.111455
0.0877193
0.0743034
0.0350877
0.0495356
0.0866873
0.0856553
0.0815273
0.0897833
0.0412797
0.00309598
0.00206398
0.00103199
0
0
0
0
0
0
0
0
0
0
0
0
0
0
0.139319
0.19711
0.149639
0.0949432
0.0423117
0.0835913
0.0371517
0.0330237
0.0319917
0.0557276
0.0918473
0.0350877
0.00722394
0.00103199
0
0
0
0
0
0
0
