2.14797
0.71599
0.71599
0.954654
0.238663
0.357995
0.71599
0.238663
0.238663
0.357995
0.238663
0.71599
1.43198
2.02864
3.69929
5.2506
9.06921
6.44392
8.71122
7.39857
8.94988
6.80191
5.01194
6.32459
3.57995
3.10263
0.477327
0.477327
0.119332
0.357995
0.119332
0.477327
0.119332
0.238663
0.477327
0.596659
0.238663
0.357995
0.238663
0.238663
1.19332
1.43198
2.74463
2.6253
2.14797
0.238663
0
0.119332
1.07399
1.07399
0.477327
0.71599
0.596659
0.238663
0.238663
0.357995
0.477327
0.119332
0.119332
2.14797
6.68258
8.59189
5.96659
5.13127
5.36993
5.36993
5.01194
3.81862
7.27924
5.2506
4.8926
5.36993
6.80191
5.96659
3.93795
1.55131
0.238663
0.477327
0.357995
0.119332
0.596659
0.596659
0.477327
0.357995
0.238663
0.477327
0.477327
0.238663
0.357995
0.119332
0
0
0
0
0
0
0
0
0
0
0
0
0
0
0
0.238663
0.596659
1.55131
1.67064
1.90931
1.19332
0.477327
0.238663
2.74463
4.65394
7.39857
4.8926
8.71122
5.48926
6.68258
5.13127
6.44392
3.69929
4.65394
4.29594
3.81862
3.81862
2.6253
3.22196
2.2673
3.22196
3.46062
1.90931
1.43198
1.67064
0
0
0
0
0
0
0
0
0
0
0
0
0
0
0
0
0
0
0
0
0
0
0
0
0
0
0
0
0
0
0
0
0
0
0
0
0
0
0
0
0
0
0
0
0
0
0
0
0
0
0
0
0
0
0
0
0
0
0
0
0
0
0
0
0
0
0
0
0
0
0
0
0
0
0
0
0
0
0
0
0
0
0
0
0
0
0
0
0
0
0
0
0
0
0
0
0
0
0
0
0
0
0
0
0
0
0
0
41.3589
58.6415
0
0
0
0
0
0
0
0
0
0
0
0
0
0
0
0
0
0
0
0
0
0
0
0
0
0
0
0
0
0
0
0
0
0
0
0
0
0
0
0
0
0
0
0
0
0
0
0
0
0
0
0
0
0
0
0
0
0
0
0
0
0
0
0.188319
0.0214541
0
0
0.0357569
0.625745
0.0011919
0.00357569
0.00357569
0.00357569
0.00715137
0.0190703
0.0464839
0.0274136
0.00476758
0.00476758
0
0
0
0
0.0011919
0
0
0
0
0
0
0
0
0
0
0
0
0.00595948
0
0
0
0
0
0
0
0
0
0.0011919
0.0011919
0.00238379
0.00476758
0.00595948
0.0107271
0.00476758
0.0131108
0.011919
0.0274136
0.0536353
0.0929678
0.137068
0.107271
0.202622
0.140644
0.079857
0.0548272
0.0309893
0.00834327
0.00238379
0.00476758
0.0011919
0
0
0
0
0
0
0
0
0
0
0
0
0
0.0297974
0.510131
0.154946
0.057211
0.0333731
0.0214541
0.057211
0.0190703
0.0178784
0.0309893
0.0512515
0.00953516
0.00715137
0
0
0
0
0
0
0
0
