0.215054
0.430108
1.50538
0.107527
1.1828
0.645161
2.25806
1.39785
1.93548
1.93548
2.68817
2.15054
2.90323
2.58064
3.01075
1.93548
1.93548
2.15054
3.22581
2.36559
5.59139
5.37634
5.59139
5.59139
4.08602
3.44086
3.11828
5.37634
2.68817
1.1828
1.93548
2.7957
2.04301
1.93548
1.29032
0.860215
0.537634
0.967742
0.967742
0.430108
1.29032
2.58064
1.72043
1.39785
0.752688
0.860215
0.967742
0.107527
0.322581
0.107527
0.107527
0.107527
0
0
0.215054
0
0
0.322581
0.215054
0.215054
2.90323
5.37634
4.4086
4.51613
5.69892
7.2043
8.06451
7.95698
7.95698
9.67741
6.23656
3.65591
6.45161
8.49462
3.54839
0
0.322581
0.430108
0
0.430108
0.107527
0.322581
0.215054
0.107527
0.107527
0.645161
0.645161
0.107527
0.322581
0.645161
0
0
0
0
0
0
0
0
0
0
0
0
0
0
0
0
0
1.6129
0.322581
0.430108
1.72043
0.645161
0.107527
0.215054
1.72043
3.33333
6.0215
6.66666
7.52688
7.41935
5.26881
6.45161
6.23656
3.54839
3.33333
4.30107
2.90323
3.97849
3.33333
1.93548
3.54839
3.97849
4.08602
4.08602
5.37634
0
0
0
0
0
0
0
0
0
0
0
0
0
0
0
0
0
0
0
0
0
0
0
0
0
0
0
0
0
0
0
0
0
0
0
0
0
0
0
0
0
0
0
0
0
0
0
0
0
0
0
0
0
0
0
0
0
0
0
0
0
0
0
0
0
0
0
0
0
0
0
0
0
0
0
0
0
0
0
0
0
0
0
0
0
0
0
0
0
0
0
0
0
0
0
0
0
0
0
0
0
0
0
0
0
0
0
0
46.6163
53.3831
0
0
0
0
0
0
0
0
0
0
0
0
0
0
0
0
0
0
0
0
0
0
0
0
0
0
0
0
0
0
0
0
0
0
0
0
0
0
0
0
0
0
0
0
0
0
0
0
0
0
0
0
0
0
0
0
0
0
0
0
0
0
0
0.11493
0.0075188
0
0
0.0247046
0.163265
0.00537057
0.00429646
0.00214823
0.0118153
0.0107411
0.0257787
0.105263
0.0204082
0.00966702
0.00322234
0
0.00107411
0.00859291
0.424275
0.0343716
0
0
0
0
0
0
0
0
0
0
0
0.00537057
0.0171858
0
0
0
0
0
0
0
0.00107411
0.00429646
0.00429646
0.0075188
0.0214823
0.0182599
0.0107411
0.00644468
0.0182599
0.0182599
0.0408163
0.0590763
0.0902256
0.0902256
0.075188
0.0408163
0.0300752
0.027927
0.0171858
0.0107411
0.0118153
0.0139635
0.0762621
0.150376
0.141783
0.0128894
0
0
0
0
0
0
0
0
0
0
0
0
0.0805585
0.141783
0.0762621
0.094522
0.0644468
0.0408163
0.0805585
0.106337
0.181525
0.0988185
0.0182599
0.0161117
0
0
0
0
0
0
0
0
0
