0.630915
1.57729
0.315457
0
0
0
0
0
0
0
0
0
0
5.04732
17.6656
11.041
7.25552
4.4164
5.99369
4.10095
2.83912
5.36278
4.73186
4.4164
3.78549
3.47003
3.47003
0.946372
3.78549
3.15457
1.89274
1.57729
0.315457
0.315457
0
0
0
0
0
0
0
0
0.630915
0.315457
1.26183
0
0
0
0.630915
0.315457
0.315457
0.630915
0.630915
0.315457
0.315457
0.315457
0.630915
2.52366
2.2082
4.4164
7.25552
3.15457
5.99369
4.10095
6.6246
4.4164
4.10095
6.94006
5.67823
2.83912
4.4164
4.4164
3.15457
4.73186
3.78549
5.36278
5.36278
4.4164
0
0
0
0
0
0
0
0.315457
0
0
0
0
0
0
0
0
0
0
0
0
0
0
0
1.57729
0.315457
0.630915
0.315457
0.630915
0.315457
0
0
0
0.315457
0
0.315457
0.315457
0.946372
2.52366
1.57729
2.2082
0.630915
4.10095
5.36278
3.78549
4.4164
4.4164
1.89274
5.36278
6.30915
3.15457
7.57098
7.88643
7.57098
7.25552
10.7256
3.78549
4.10095
0
0
0
0
0
0
0
0
0
0
0
0
0
0
0
0
0
0
0
0
0
0
0
0
0
0
0
0
0
0
0
0
0
0
0
0
0
0
0
0
0
0
0
0
0
0
0
0
0
0
0
0
0
0
0
0
0
0
0
0
0
0
0
0
0
0
0
0
0
0
0
0
0
0
0
0
0
0
0
0
0
0
0
0
0
0
0
0
0
0
0
0
0
0
0
0
0
0
0
0
0
0
0
0
0
0
0
0
25.7861
74.2138
0
0
0
0
0
0
0
0
0
0
0
0
0
0
0
0
0
0
0
0
0
0
0
0
0
0
0
0
0
0
0
0
0
0
0
0
0
0
0
0
0
0
0
0
0
0
0
0
0
0
0
0
0
0
0
0
0
0
0
0
0
0
0
0.801887
0
0
0
0
0
0
0
0
0
0.00314465
0.00943396
0.0220126
0.00314465
0
0
0
0
0
0
0.00628931
0.00628931
0
0
0
0
0
0
0
0
0
0
0.0408805
0.106918
0
0
0
0
0
0
0
0
0
0.0125786
0.00943396
0.00628931
0.0157233
0.00628931
0.00943396
0.00314465
0.00628931
0.00943396
0.0125786
0.0345912
0.103774
0.072327
0.0660377
0.0943396
0.172956
0.232704
0.0974843
0.0314465
0
0.00314465
0
0
0
0
0
0
0
0
0
0
0
0
0
0
0
0.0251572
0.0220126
0.0125786
0.0125786
0.0220126
0.0534591
0.150943
0.0880503
0.154088
0.245283
0.150943
0.0503145
0.0125786
0
0
0
0
0
0
0
0
