2.06813
1.45985
1.3382
0.608272
0.364964
0.364964
0.364964
1.45985
1.21654
4.74453
1.45985
3.52798
2.43309
1.70316
1.21654
1.45985
4.0146
5.96107
4.50122
4.74453
3.52798
2.18978
3.28467
4.0146
4.62287
3.77129
3.04136
2.91971
2.18978
3.04136
1.45985
0.729927
1.09489
1.82482
3.16302
2.06813
1.09489
0.729927
0.364964
0.973236
1.3382
2.06813
2.06813
1.45985
2.06813
0.608272
0.486618
0
0
0.243309
0.121655
0.243309
0
0.121655
0
0.121655
0.243309
0
0.121655
0
0.243309
0
0
9.97567
11.0706
9.3674
8.88078
11.0706
11.3139
11.4355
10.219
11.9221
0.121655
0.364964
0
0
0
0.121655
0.121655
0.121655
0.608272
0
0.121655
0.243309
0.121655
0
0.121655
0
0.121655
0.121655
0
0
0
0
0
0
0
0
0
0
0
0
0
0
0
0
0
0
0.243309
1.70316
0.608272
0.364964
0
0.851582
2.91971
4.0146
3.64964
4.62287
3.64964
5.71776
4.37956
3.89294
4.37956
4.62287
5.47445
4.62287
4.25791
3.77129
3.89294
4.86618
5.59611
5.10949
4.25791
6.32603
6.32603
0
0
0
0
0
0
0
0
0
0
0
0
0
0
0
0
0
0
0
0
0
0
0
0
0
0
0
0
0
0
0
0
0
0
0
0
0
0
0
0
0
0
0
0
0
0
0
0
0
0
0
0
0
0
0
0
0
0
0
0
0
0
0
0
0
0
0
0
0
0
0
0
0
0
0
0
0
0
0
0
0
0
0
0
0
0
0
0
0
0
0
0
0
0
0
0
0
0
0
0
0
0
0
0
0
0
0
0
46.9013
53.0981
0
0
0
0
0
0
0
0
0
0
0
0
0
0
0
0
0
0
0
0
0
0
0
0
0
0
0
0
0
0
0
0
0
0
0
0
0
0
0
0
0
0
0
0
0
0
0
0
0
0
0
0
0
0
0
0
0
0
0
0
0
0
0
0.0874848
0.0121507
0
0
0.0109356
0.441069
0.0036452
0.00607533
0.0072904
0.00850547
0.0340219
0.104496
0.230863
0.0328068
0.00972054
0.00850547
0
0
0
0
0.00121507
0
0
0
0
0
0
0
0
0
0
0
0
0.00121507
0
0
0
0
0
0
0
0
0
0.00243013
0
0.0036452
0.00121507
0.0072904
0.0170109
0.00607533
0.0437424
0.0631835
0.0680437
0.125152
0.0972053
0.072904
0.116646
0.143378
0.115431
0.0571081
0.0328068
0.0121507
0.0072904
0.0036452
0.00243013
0
0.00121507
0
0
0
0
0
0
0
0
0
0
0
0
0.0765492
0.328068
0.133657
0.0643985
0.0680437
0.0801944
0.106926
0.0656136
0.036452
0.018226
0.0121507
0.00850547
0
0.00121507
0
0
0
0
0
0
0
