1.23457
0.771605
0
0.462963
0.154321
0.462963
0
0
0.154321
0
0.154321
2.31481
4.16667
4.16667
4.47531
4.01235
5.09259
8.64198
10.6481
8.95062
5.24691
6.32716
4.01235
2.77778
2.31481
2.31481
3.08642
3.39506
4.01235
2.31481
1.23457
0
0.462963
0
0
0
0
0
0
0.617284
0.308642
0.771605
1.38889
1.69753
2.00617
0
0
0
0.462963
0.154321
0.462963
0.462963
0
1.08025
0.154321
0.308642
0.154321
0.462963
2.16049
5.55556
5.40124
4.93827
5.8642
6.01852
6.17284
5.40124
3.39506
4.01235
3.85802
4.47531
3.54938
5.55556
5.24691
4.62963
7.09877
6.01852
3.85802
0.308642
0.154321
0.617284
0.154321
0.308642
0.154321
0.154321
0.771605
0.154321
0.154321
0.308642
0
0
0
0
0
0
0
0
0
0
0
0
0
0
0
0
0.308642
1.54321
0.308642
0.462963
0.771605
0.617284
0.308642
0
0
0.617284
1.85185
2.31481
4.62963
4.93827
3.7037
5.40124
6.17284
6.94445
6.63581
4.32099
3.39506
5.55556
4.47531
4.16667
3.85802
3.24074
4.62963
4.01235
4.47531
4.47531
6.01852
0
0
0
0
0
0
0
0
0
0
0
0
0
0
0
0
0
0
0
0
0
0
0
0
0
0
0
0
0
0
0
0
0
0
0
0
0
0
0
0
0
0
0
0
0
0
0
0
0
0
0
0
0
0
0
0
0
0
0
0
0
0
0
0
0
0
0
0
0
0
0
0
0
0
0
0
0
0
0
0
0
0
0
0
0
0
0
0
0
0
0
0
0
0
0
0
0
0
0
0
0
0
0
0
0
0
0
0
63.9445
36.0555
0
0
0
0
0
0
0
0
0
0
0
0
0
0
0
0
0
0
0
0
0
0
0
0
0
0
0
0
0
0
0
0
0
0
0
0
0
0
0
0
0
0
0
0
0
0
0
0
0
0
0
0
0
0
0
0
0
0
0
0
0
0
0
0.331279
0.00924499
0
0
0.0046225
0.440678
0.0046225
0.00616333
0.00308166
0.00924499
0.00616333
0.0292758
0.0816641
0.0169492
0.00308166
0
0
0
0
0
0
0
0
0
0
0
0
0
0
0
0
0
0.0154083
0.0385208
0
0
0
0
0
0
0
0
0.00154083
0
0.00154083
0.00308166
0.0046225
0.00308166
0.0138675
0.0107858
0.0154083
0.0261941
0.0508475
0.0631741
0.0539291
0.0970724
0.103236
0.1849
0.155624
0.123267
0.0677966
0.0154083
0
0.0046225
0
0
0
0
0
0
0
0
0
0
0
0
0
0
0
0.0308166
0.360555
0.107858
0.0662558
0.046225
0.0169492
0.046225
0.0493066
0.0739599
0.103236
0.0708783
0.0231125
0.0046225
0
0
0
0
0
0
0
0
