0.505051
1.17845
1.51515
0.3367
0.16835
0
0.16835
0
0.673401
1.3468
1.17845
1.3468
4.20876
2.6936
1.17845
4.20876
6.73401
4.20876
4.37711
4.71381
6.06061
7.07071
7.23906
7.07071
4.37711
2.18855
1.85185
1.3468
1.51515
0.505051
0.505051
0.505051
0.841751
1.3468
2.86195
2.86195
0.3367
1.0101
1.0101
2.0202
1.3468
2.52525
1.17845
1.3468
0.505051
0.16835
0.505051
0.16835
0.3367
0.16835
0
0.3367
0.16835
0.3367
0.16835
0.3367
0.16835
0.3367
0.505051
0.841751
8.24916
7.74411
8.24916
4.54546
4.0404
4.0404
5.21886
4.71381
7.40741
4.88216
6.56566
5.72391
8.41751
7.07071
6.73401
0.505051
0.16835
0
0.3367
0.16835
0
0
0.16835
0
0
0.16835
0.3367
0
0
0.16835
0
0
0
0
0
0
0
0
0
0
0
0
0
0
0
0
0.505051
0
0.505051
1.6835
0.841751
0.3367
0.16835
1.0101
2.3569
3.19865
4.88216
6.39731
4.71381
5.21886
5.05051
5.89226
4.54546
4.37711
4.0404
4.54546
4.37711
5.21886
4.0404
3.7037
3.53535
2.18855
3.367
6.06061
7.40741
0
0
0
0
0
0
0
0
0
0
0
0
0
0
0
0
0
0
0
0
0
0
0
0
0
0
0
0
0
0
0
0
0
0
0
0
0
0
0
0
0
0
0
0
0
0
0
0
0
0
0
0
0
0
0
0
0
0
0
0
0
0
0
0
0
0
0
0
0
0
0
0
0
0
0
0
0
0
0
0
0
0
0
0
0
0
0
0
0
0
0
0
0
0
0
0
0
0
0
0
0
0
0
0
0
0
0
0
28.4034
71.5969
0
0
0
0
0
0
0
0
0
0
0
0
0
0
0
0
0
0
0
0
0
0
0
0
0
0
0
0
0
0
0
0
0
0
0
0
0
0
0
0
0
0
0
0
0
0
0
0
0
0
0
0
0
0
0
0
0
0
0
0
0
0
0
0
0
0
0
0.00168067
0.569748
0.00168067
0.00504202
0.00504202
0.00840336
0.0268908
0.166387
0.205042
0.010084
0
0
0
0
0
0
0
0
0
0
0
0
0
0
0
0
0
0
0
0
0
0
0
0
0
0
0
0
0.00168067
0
0.00336134
0.00168067
0.00168067
0
0
0.00168067
0.00672269
0.0184874
0.0168067
0.0285714
0.0689076
0.117647
0.211765
0.252101
0.12437
0.0588235
0.0386555
0.0184874
0.00840336
0.00840336
0.00672269
0.00504202
0
0
0
0
0
0
0
0
0
0
0
0
0
0.0352941
0.45042
0.104202
0.00672269
0.0168067
0.0605042
0.144538
0.092437
0.0420168
0.0184874
0.0168067
0.00336134
0.00504202
0
0.00168067
0.00168067
0
0
0
0
0
