1.94986
1.67131
1.81059
0.835655
0.557103
0.139276
0.835655
2.08914
0.557103
0.97493
0.417827
0.696379
0.557103
2.78552
4.31755
11.1421
8.07799
4.73538
4.5961
4.45682
3.34262
2.22841
2.08914
0.696379
0.696379
2.08914
3.06407
3.48189
4.73538
4.039
2.64624
2.36769
1.11421
0.417827
0.835655
0.97493
0.557103
0.139276
0.835655
1.81059
0.835655
1.53203
1.39276
2.36769
2.64624
0
0.139276
0.278552
0
0
0
0
0.139276
0.139276
0.139276
0.139276
0
0.417827
0
0
0
3.34262
2.64624
8.21726
7.93871
8.21726
11.0028
10.3064
9.88857
9.19219
8.49582
8.35654
5.84958
2.92479
0
0
0
0.139276
0
0
0.139276
0.139276
0.139276
0
0
0.139276
0.139276
0.278552
0.557103
0.696379
0
0
0
0
0
0
0
0
0
0
0
0
0
0
0
0
0
0
0
0
0
0
0
0.835655
2.08914
1.53203
4.73538
3.34262
3.20334
2.78552
2.64624
3.89972
3.76045
5.01393
3.06407
5.7103
7.24234
4.45682
6.12813
5.29248
6.54596
7.38161
9.05292
6.96378
4.45682
0
0
0
0
0
0
0
0
0
0
0
0
0
0
0
0
0
0
0
0
0
0
0
0
0
0
0
0
0
0
0
0
0
0
0
0
0
0
0
0
0
0
0
0
0
0
0
0
0
0
0
0
0
0
0
0
0
0
0
0
0
0
0
0
0
0
0
0
0
0
0
0
0
0
0
0
0
0
0
0
0
0
0
0
0
0
0
0
0
0
0
0
0
0
0
0
0
0
0
0
0
0
0
0
0
0
0
0
74.9658
25.0348
0
0
0
0
0
0
0
0
0
0
0
0
0
0
0
0
0
0
0
0
0
0
0
0
0
0
0
0
0
0
0
0
0
0
0
0
0
0
0
0
0
0
0
0
0
0
0
0
0
0
0
0
0
0
0
0
0
0
0
0
0
0
0
0.0139082
0.00417246
0
0
0.0792768
0.368567
0.0069541
0.00417246
0.00834492
0.0194715
0.0139082
0.0570236
0.383866
0.0319889
0.00834492
0
0
0
0
0
0
0
0
0
0
0
0
0
0
0
0
0
0
0
0
0
0
0
0
0
0
0
0.00139082
0.0111266
0.015299
0.00973574
0.0166898
0.0125174
0.0194715
0.0125174
0.015299
0.0278164
0.0417246
0.0862309
0.129346
0.0806676
0.0890125
0.158554
0.139082
0.0570236
0.038943
0.015299
0.00417246
0.00278164
0.0139082
0.00139082
0
0
0
0
0
0
0
0
0
0
0
0
0
0.0848401
0.283727
0.18637
0.054242
0.102921
0.0820584
0.093185
0.0403338
0.0292072
0.0166898
0.00556328
0.00834492
0.00973574
0.00278164
0
0
0
0
0
0
0
