3.65854
3.58232
3.35366
2.89634
1.14329
0.228659
0.533537
0.914634
2.28659
1.44817
0.685976
0.457317
1.29573
2.21037
1.75305
1.90549
3.42988
4.64939
5.25915
5.18293
4.87805
4.42073
3.20122
2.97256
1.82927
1.52439
1.44817
1.44817
0.609756
0.533537
0.457317
1.14329
1.21951
0.838415
0.762195
1.06707
1.21951
1.14329
2.59146
3.42988
3.65854
2.97256
3.27744
3.42988
3.125
0
0
0
0.0762195
0.0762195
0
0
0
0
0
0
0
0
0.152439
0.228659
0.0762195
0
0
0
0
0.0762195
3.8872
90.0138
5.18293
0
0
0
0
0
0
0.0762195
0.0762195
0.0762195
0
0
0
0
0
0
0
0.0762195
0
0
0
0
0
0
0
0
0
0
0
0
0
0
0
0
0
0
0
0
0
0
0
0
0
0
4.11586
10.5945
10.3659
7.08842
8.00305
7.69817
5.33537
4.64939
2.7439
3.20122
3.20122
2.21037
2.05793
2.82012
2.59146
1.60061
1.75305
2.59146
2.05793
3.27744
3.65854
3.81098
4.64939
0
0
0
0
0
0
0
0
0
0
0
0
0
0
0
0
0
0
0
0
0
0
0
0
0
0
0
0
0
0
0
0
0
0
0
0
0
0
0
0
0
0
0
0
0
0
0
0
0
0
0
0
0
0
0
0
0
0
0
0
0
0
0
0
0
0
0
0
0
0
0
0
0
0
0
0
0
0
0
0
0
0
0
0
0
0
0
0
0
0
0
0
0
0
0
0
0
0
0
0
0
0
0
0
0
0
0
0
55.2931
44.7068
0
0
0
0
0
0
0
0
0
0
0
0
0
0
0
0
0
0
0
0
0
0
0
0
0
0
0
0
0
0
0
0
0
0
0
0
0
0
0
0
0
0
0
0
0
0
0
0
0
0
0
0
0
0
0
0
0
0
0
0
0
0
0
0.115004
0.0152323
0
0
0.000761615
0.265042
0.0053313
0.00609292
0.00380807
0.0114242
0.0373191
0.0365575
0.0677837
0.0380807
0.00609292
0
0
0
0.00609292
0.350343
0.0236101
0.000761615
0
0
0
0
0
0
0
0
0
0
0.00152323
0.00913938
0
0
0
0
0
0
0
0
0.00228484
0.0053313
0.00228484
0.00761615
0.0137091
0.0144707
0.0205636
0.0365575
0.0693069
0.0312262
0.0540746
0.0594059
0.0449353
0.0380807
0.0388423
0.0799695
0.0723534
0.0540746
0.0373191
0.029703
0.0464585
0.0418888
0.092917
0.0952018
0.0114242
0
0
0
0
0
0
0
0
0
0
0
0
0.0693069
0.220107
0.111196
0.0609292
0.0555979
0.0883473
0.0693069
0.0693069
0.117289
0.0891089
0.0342727
0.0152323
0
0
0
0
0
0
0
0
0
