2.45902
2.04918
2.3224
1.0929
0.68306
0.409836
0.136612
0.409836
0.409836
0.273224
0.819672
1.63934
2.04918
1.22951
2.73224
2.45902
5.7377
4.91803
5.46448
4.91803
7.10382
6.42076
5.87432
5.19126
2.04918
1.0929
0.956284
0.546448
0.68306
0.273224
0.273224
0.273224
0.956284
0.956284
2.59563
1.22951
0.409836
1.50273
1.63934
1.91257
3.68852
4.5082
4.23497
2.04918
1.50273
0
0
0.136612
0.136612
0
0.273224
0
0
0
0.136612
0
0.136612
0.136612
0
0.273224
0.136612
0.136612
0
7.78688
12.0219
15.7104
8.19672
11.2022
11.8852
13.1147
10.3825
5.05464
0.136612
0
0.273224
0.546448
0.273224
0.273224
0
0.546448
0.273224
0.136612
0
0.136612
0.409836
0
0.136612
0.136612
0
0
0
0
0
0
0
0
0
0
0
0
0
0
0
0
0
0
0
0
0
0.409836
0.68306
1.77596
0
2.86885
6.69399
5.32787
5.19126
4.37158
4.64481
5.7377
5.19126
4.37158
3.55191
3.68852
4.5082
3.55191
3.82514
4.09836
4.23497
4.23497
3.82514
2.86885
3.82514
4.78142
5.87432
0
0
0
0
0
0
0
0
0
0
0
0
0
0
0
0
0
0
0
0
0
0
0
0
0
0
0
0
0
0
0
0
0
0
0
0
0
0
0
0
0
0
0
0
0
0
0
0
0
0
0
0
0
0
0
0
0
0
0
0
0
0
0
0
0
0
0
0
0
0
0
0
0
0
0
0
0
0
0
0
0
0
0
0
0
0
0
0
0
0
0
0
0
0
0
0
0
0
0
0
0
0
0
0
0
0
0
0
33.9699
66.0299
0
0
0
0
0
0
0
0
0
0
0
0
0
0
0
0
0
0
0
0
0
0
0
0
0
0
0
0
0
0
0
0
0
0
0
0
0
0
0
0
0
0
0
0
0
0
0
0
0
0
0
0
0
0
0
0
0
0
0
0
0
0
0
0.315143
0.0122783
0
0
0.0122783
0.469304
0.0095498
0.00409277
0.00272851
0.0218281
0.0641201
0.0545703
0
0.00272851
0
0
0
0
0
0
0
0
0
0
0
0
0
0
0
0
0
0
0.0122783
0.0190996
0
0
0
0
0
0
0
0
0
0
0.00136426
0
0.00272851
0.00272851
0
0.00272851
0.00409277
0.0177353
0.0381992
0.0395634
0.0559345
0.0927694
0.105048
0.13779
0.145975
0.0995907
0.125512
0.0736699
0.0491132
0.00545703
0
0
0
0
0
0
0
0
0
0
0
0
0
0
0
0.0341064
0.381992
0.0832196
0.0204638
0.0218281
0.0272851
0.0559345
0.0327422
0.0381992
0.053206
0.150068
0.0900409
0.0109141
0
0
0
0
0
0
0
0
