1.44
0.96
1.28
1.6
0.64
0.48
0.48
0.32
1.92
2.08
1.28
1.44
1.76
2.88
4.32
6.88
4.32
3.84
2.24
5.44
3.36
2.88
4
4
6.08
5.44
3.36
2.24
2.08
0.96
1.92
1.12
0.8
4
1.76
0.8
1.76
0.96
1.6
0.48
0.8
1.44
0.64
0.8
1.28
0
0
0.32
0.16
0.16
0.64
0.16
0.32
0.32
0.32
0.32
0.32
0.16
0.16
0.32
3.2
5.92
7.36
6.24
6.88
4.8
6.56
6.72
6.72
8.32
7.2
6.72
7.68
6.24
4.64
0.16
0.16
0.16
0
0
0
0.16
0
0
0
0
0.16
0.16
0.16
0.16
0
0
0
0
0
0
0
0
0
0
0
0
0
0
0
0
0.32
0.32
2.56
0.48
0.48
0.32
0
0
0.48
2.24
2.4
4.32
3.52
5.92
5.12
5.28
4.48
3.68
4.64
4
4.32
5.92
5.28
2.56
4.16
3.2
3.84
9.28
11.04
0
0
0
0
0
0
0
0
0
0
0
0
0
0
0
0
0
0
0
0
0
0
0
0
0
0
0
0
0
0
0
0
0
0
0
0
0
0
0
0
0
0
0
0
0
0
0
0
0
0
0
0
0
0
0
0
0
0
0
0
0
0
0
0
0
0
0
0
0
0
0
0
0
0
0
0
0
0
0
0
0
0
0
0
0
0
0
0
0
0
0
0
0
0
0
0
0
0
0
0
0
0
0
0
0
0
0
0
57.1885
42.8115
0
0
0
0
0
0
0
0
0
0
0
0
0
0
0
0
0
0
0
0
0
0
0
0
0
0
0
0
0
0
0
0
0
0
0
0
0
0
0
0
0
0
0
0
0
0
0
0
0
0
0
0
0
0
0
0
0
0
0
0
0
0
0
0.0223642
0.00319489
0
0
0.00319489
0.514377
0.00479233
0.00159744
0.00958466
0.014377
0.0303514
0.170927
0.185304
0.0207668
0.014377
0.00479233
0
0
0
0
0
0
0
0
0
0
0
0
0
0
0
0
0
0
0
0
0
0
0
0
0
0
0.00319489
0.00479233
0.00479233
0.0175719
0.0127796
0.00479233
0.00798722
0.00798722
0.0111821
0.0127796
0.0271566
0.0527157
0.0559105
0.13099
0.158147
0.223642
0.126198
0.0559105
0.0351438
0.0175719
0.0127796
0.00958466
0.00319489
0.00319489
0
0
0
0
0
0
0
0
0
0
0
0
0
0.0654952
0.410543
0.113419
0.0223642
0.028754
0.0686901
0.100639
0.100639
0.0351438
0.0207668
0.0207668
0.00479233
0.00638978
0
0.00159744
0
0
0
0
0
0
