0.229885
0.229885
0
0.229885
0
0
0
0
0
0
0
0.45977
0.45977
13.1034
6.66667
6.66667
4.36782
5.51724
8.27586
8.50575
8.96552
4.36782
5.05747
2.06897
3.21839
2.29885
1.6092
3.44828
3.21839
1.37931
1.6092
2.52874
0.45977
0
0
0
0
0
0
0.45977
0.229885
1.37931
0.91954
1.37931
0.91954
0
0
0.229885
0.229885
0
0
0
0
0.229885
0.229885
0
0.91954
2.75862
4.36782
5.05747
4.36782
5.28736
6.43678
3.67816
4.5977
5.97701
4.13793
4.82759
6.43678
5.97701
5.97701
4.82759
3.67816
5.51724
4.5977
2.29885
3.21839
1.6092
0
0.229885
0.689655
0.45977
0
0.45977
0
0.689655
0.229885
0
0
0
0
0
0
0
0
0
0
0
0
0
0
0.45977
0.229885
0
0
0
0.689655
0.229885
0.91954
0.689655
0.229885
0.229885
0.229885
1.14943
1.83908
2.75862
1.83908
2.75862
2.52874
1.6092
2.98851
3.90805
4.82759
7.58621
6.2069
7.35632
6.43678
7.35632
5.51724
6.43678
5.51724
5.28736
6.89655
2.75862
2.75862
0
0
0
0
0
0
0
0
0
0
0
0
0
0
0
0
0
0
0
0
0
0
0
0
0
0
0
0
0
0
0
0
0
0
0
0
0
0
0
0
0
0
0
0
0
0
0
0
0
0
0
0
0
0
0
0
0
0
0
0
0
0
0
0
0
0
0
0
0
0
0
0
0
0
0
0
0
0
0
0
0
0
0
0
0
0
0
0
0
0
0
0
0
0
0
0
0
0
0
0
0
0
0
0
0
0
0
0
17.4312
82.5687
0
0
0
0
0
0
0
0
0
0
0
0
0
0
0
0
0
0
0
0
0
0
0
0
0
0
0
0
0
0
0
0
0
0
0
0
0
0
0
0
0
0
0
0
0
0
0
0
0
0
0
0
0
0
0
0
0
0
0
0
0
0
0
0.568807
0.0137615
0
0
0
0
0
0.00229358
0.00688073
0.00688073
0.00458716
0.0527523
0.194954
0.0275229
0.0137615
0.00688073
0
0
0
0
0
0
0
0
0
0
0
0
0
0
0
0
0.0229358
0.0779817
0
0
0
0
0
0
0
0
0
0
0.00229358
0.00917431
0.0137615
0.016055
0.0183486
0.0252294
0.0114679
0.0252294
0.0458716
0.0802752
0.0940367
0.100917
0.0986239
0.0825688
0.144495
0.139908
0.059633
0.0275229
0.00229358
0
0.00229358
0
0
0
0
0
0
0
0
0
0
0
0
0
0
0.0137615
0.0183486
0.0550459
0.110092
0.0940367
0.0688073
0.112385
0.0986239
0.12844
0.165138
0.0917431
0.0366972
0.00458716
0
0.00229358
0
0
0
0
0
0
