0.904977
1.35747
0.791855
1.35747
0.791855
1.13122
0.452489
1.80996
2.60181
2.94118
2.82806
3.39367
3.28054
1.58371
1.69683
2.0362
1.80996
2.0362
3.16742
5.20362
8.48416
7.46606
6.78733
4.86425
4.41177
4.29864
2.26244
0.678733
0.565611
0.226244
0.452489
0.452489
0.452489
1.0181
0.904977
0.904977
1.24434
0.904977
1.24434
2.26244
1.69683
2.71493
1.80996
2.37557
0.452489
0.452489
0.452489
0.113122
0.226244
0
0.339367
0.113122
0.226244
0.226244
0.226244
0.113122
0.452489
0.113122
0.339367
0.339367
0.226244
5.76923
7.12669
5.99547
9.16289
4.63801
6.1086
6.90045
9.27601
9.16289
7.6923
6.90045
7.91855
5.20362
0.113122
0.113122
0
0.565611
0.113122
0.339367
0
0.226244
0.678733
0.113122
0.339367
0
0.226244
0.678733
0.226244
0.565611
0
0
0
0
0
0
0
0
0
0
0
0
0
0
0
0
0
0
0.565611
2.0362
1.80996
1.58371
0.226244
2.60181
3.39367
3.39367
5.0905
7.35294
7.91855
7.23982
5.42986
5.31674
3.61991
3.95928
4.86425
3.39367
3.39367
2.37557
3.0543
3.39367
2.60181
3.28054
3.84616
4.29864
4.0724
0
0
0
0
0
0
0
0
0
0
0
0
0
0
0
0
0
0
0
0
0
0
0
0
0
0
0
0
0
0
0
0
0
0
0
0
0
0
0
0
0
0
0
0
0
0
0
0
0
0
0
0
0
0
0
0
0
0
0
0
0
0
0
0
0
0
0
0
0
0
0
0
0
0
0
0
0
0
0
0
0
0
0
0
0
0
0
0
0
0
0
0
0
0
0
0
0
0
0
0
0
0
0
0
0
0
0
0
36.6103
63.3901
0
0
0
0
0
0
0
0
0
0
0
0
0
0
0
0
0
0
0
0
0
0
0
0
0
0
0
0
0
0
0
0
0
0
0
0
0
0
0
0
0
0
0
0
0
0
0
0
0
0
0
0
0
0
0
0
0
0
0
0
0
0
0
0.132203
0.0169492
0
0
0.00338983
0.39548
0.00564972
0.0079096
0.0135593
0.0180791
0.0169492
0.0587571
0.300565
0.0248588
0.00225989
0.00225989
0
0
0
0
0
0
0
0
0
0
0
0
0
0
0
0
0
0.00112994
0
0
0
0
0
0
0
0
0
0.00112994
0
0.00338983
0.00564972
0.00225989
0.00903955
0.0101695
0.0135593
0.0225989
0.0485876
0.0745763
0.101695
0.135593
0.175141
0.19435
0.080226
0.039548
0.039548
0.0214689
0.0112994
0.00338983
0.00677966
0
0
0
0
0
0
0
0
0
0
0
0
0
0
0.0248588
0.338983
0.0824859
0.0723164
0.0926554
0.0892655
0.114124
0.0870057
0.0327684
0.0271186
0.0180791
0.0135593
0.00225989
0.00451977
0
0
0
0
0
0
0
