1.29241
0.323102
1.29241
0.646204
0.646204
0
0.323102
0.161551
0.646204
1.61551
1.29241
0.969305
1.77706
2.42326
2.42326
3.87722
5.65428
6.30049
8.72375
5.65428
4.03877
5.49273
5.33118
5.81583
4.68498
3.39257
2.74637
2.26171
1.13086
0.969305
0.646204
0.969305
0.807754
0.484653
1.29241
1.77706
1.13086
1.77706
0.807754
0.646204
1.13086
1.77706
2.42326
1.29241
1.29241
0.323102
0.161551
0.484653
0.161551
0.323102
0.161551
0.969305
0.646204
0.161551
0.807754
0.161551
0.484653
0.161551
0.646204
0.646204
7.75445
11.147
7.5929
6.13894
2.90792
5.16963
5.00808
3.87722
4.20032
3.39257
6.13894
5.65428
8.5622
6.94669
6.30049
0.161551
0.161551
0.161551
0
0.161551
0.646204
0.323102
0.646204
0.161551
0.161551
0
0
0.161551
0.323102
0
0
0
0
0
0
0
0
0
0
0
0
0
0
0
0
0.484653
0.323102
0.323102
0.161551
0.969305
0.969305
0.646204
0.323102
0.484653
1.93861
5.97739
5.81583
6.30049
5.49273
3.87722
6.30049
4.20032
4.36188
2.90792
4.36188
5.16963
5.97739
4.03877
3.06947
4.03877
3.71567
3.23102
5.00808
4.52343
5.16963
0
0
0
0
0
0
0
0
0
0
0
0
0
0
0
0
0
0
0
0
0
0
0
0
0
0
0
0
0
0
0
0
0
0
0
0
0
0
0
0
0
0
0
0
0
0
0
0
0
0
0
0
0
0
0
0
0
0
0
0
0
0
0
0
0
0
0
0
0
0
0
0
0
0
0
0
0
0
0
0
0
0
0
0
0
0
0
0
0
0
0
0
0
0
0
0
0
0
0
0
0
0
0
0
0
0
0
0
48.2258
51.7741
0
0
0
0
0
0
0
0
0
0
0
0
0
0
0
0
0
0
0
0
0
0
0
0
0
0
0
0
0
0
0
0
0
0
0
0
0
0
0
0
0
0
0
0
0
0
0
0
0
0
0
0
0
0
0
0
0
0
0
0
0
0
0
0.0145161
0.00483871
0
0
0
0.503226
0.00967742
0.0016129
0.00806452
0.0145161
0.0306452
0.137097
0.256452
0.0145161
0.00322581
0.0016129
0
0
0
0
0
0
0
0
0
0
0
0
0
0
0
0
0
0
0
0
0
0
0
0
0
0
0.0016129
0.00483871
0.00322581
0.0016129
0.00645161
0.00483871
0.00645161
0.00806452
0.00483871
0.00806452
0.0209677
0.033871
0.0854839
0.153226
0.145161
0.233871
0.127419
0.0532258
0.0403226
0.0225806
0.0129032
0.0145161
0.00483871
0.0016129
0
0
0
0
0
0
0
0
0
0
0
0
0
0.0387097
0.414516
0.0951613
0.0129032
0.0225806
0.0806452
0.135484
0.103226
0.0387097
0.0209677
0.0209677
0.00967742
0.00645161
0
0
0
0
0
0
0
0
