3.91236
2.66041
1.40845
0.156495
1.40845
0.312989
0.312989
0.156495
0.625978
0.938967
1.56495
3.12989
3.91236
2.19092
2.50391
1.72144
3.75587
7.35525
5.94679
7.19875
6.72927
5.6338
3.28639
4.22535
3.91236
2.50391
0.469484
0.312989
0.782473
0.469484
0.782473
0.156495
1.25196
0.469484
1.72144
0.156495
1.40845
2.03443
1.56495
1.72144
1.87793
1.09546
2.03443
2.34742
2.03443
0.625978
0.469484
0
0.156495
0.156495
0.156495
0.312989
0.156495
0
0
0.156495
0
0.156495
0.156495
0.625978
0.312989
0
12.3631
8.13772
11.7371
9.70266
7.35525
7.04226
9.07668
6.88576
9.07668
5.47731
8.13772
0.156495
0.156495
0.156495
0.156495
0.312989
0
0
0.156495
0.156495
0
0
0.156495
0
0
0.156495
0
0.156495
0
0
0
0
0
0
0
0
0
0
0
0
0
0
0
0
0
0
0.312989
0.625978
1.09546
1.56495
0.625978
4.06886
2.34742
4.69484
6.41628
4.22535
4.85133
6.10329
5.7903
5.6338
6.72927
3.75587
4.53834
5.32082
4.53834
4.53834
5.00783
2.50391
3.28639
3.12989
2.19092
2.50391
3.75587
0
0
0
0
0
0
0
0
0
0
0
0
0
0
0
0
0
0
0
0
0
0
0
0
0
0
0
0
0
0
0
0
0
0
0
0
0
0
0
0
0
0
0
0
0
0
0
0
0
0
0
0
0
0
0
0
0
0
0
0
0
0
0
0
0
0
0
0
0
0
0
0
0
0
0
0
0
0
0
0
0
0
0
0
0
0
0
0
0
0
0
0
0
0
0
0
0
0
0
0
0
0
0
0
0
0
0
0
34.0625
65.9375
0
0
0
0
0
0
0
0
0
0
0
0
0
0
0
0
0
0
0
0
0
0
0
0
0
0
0
0
0
0
0
0
0
0
0
0
0
0
0
0
0
0
0
0
0
0
0
0
0
0
0
0
0
0
0
0
0
0
0
0
0
0
0
0.123438
0.021875
0
0
0.104687
0.732813
0.0015625
0
0
0.003125
0.0015625
0
0.003125
0.0015625
0.0015625
0
0
0
0
0
0.0015625
0
0
0
0
0
0
0
0
0
0
0
0.0015625
0.0015625
0
0
0
0
0
0
0
0
0
0.0015625
0.0015625
0
0
0.0015625
0.003125
0.0015625
0.0078125
0.0078125
0.0109375
0.0359375
0.0296875
0.06875
0.104687
0.235938
0.239063
0.128125
0.0734375
0.021875
0.0140625
0.00625
0.003125
0.003125
0
0
0
0
0
0
0
0
0
0
0
0
0
0.0453125
0.520312
0.253125
0.0328125
0.003125
0.0015625
0.003125
0.003125
0.01875
0.0484375
0.0359375
0.025
0.009375
0
0
0
0
0
0
0
0
