2.02991
1.17521
1.28205
0.747863
0.854701
0.534188
1.06838
0.747863
1.17521
2.13675
0.641026
1.7094
0.854701
1.60256
1.81624
2.24359
4.05983
4.91453
7.58547
6.19658
7.15812
8.01282
4.91453
3.4188
3.20513
1.92308
1.92308
0.213675
0.854701
0.534188
0.42735
0.641026
1.28205
0.747863
0.747863
1.28205
0.961539
1.7094
0.961539
1.81624
1.7094
3.20513
2.67094
3.20513
3.20513
0.854701
0.854701
0.213675
0.42735
0.213675
0.106838
0.106838
0.106838
0.106838
0.320513
0.320513
0.106838
0.106838
0.534188
0.320513
0.213675
2.35043
12.6068
4.70085
4.59402
9.0812
9.29487
8.01282
8.44017
6.08975
6.19658
8.2265
10.5769
0.961539
0.534188
0
0.213675
0.213675
0.42735
0.106838
0.320513
0
0
0
0.213675
0
0.106838
0.747863
0.213675
0.961539
0
0
0
0
0
0
0
0
0
0
0
0
0
0
0
0
0
0.42735
0.42735
1.81624
2.24359
0.534188
0.213675
2.02991
5.02137
5.02137
7.05128
6.73077
6.94445
7.3718
6.62393
4.59402
2.67094
3.52564
3.52564
3.63248
3.31196
3.63248
4.38034
3.63248
2.24359
2.45726
2.45726
3.95299
3.63248
0
0
0
0
0
0
0
0
0
0
0
0
0
0
0
0
0
0
0
0
0
0
0
0
0
0
0
0
0
0
0
0
0
0
0
0
0
0
0
0
0
0
0
0
0
0
0
0
0
0
0
0
0
0
0
0
0
0
0
0
0
0
0
0
0
0
0
0
0
0
0
0
0
0
0
0
0
0
0
0
0
0
0
0
0
0
0
0
0
0
0
0
0
0
0
0
0
0
0
0
0
0
0
0
0
0
0
0
54.2157
45.7845
0
0
0
0
0
0
0
0
0
0
0
0
0
0
0
0
0
0
0
0
0
0
0
0
0
0
0
0
0
0
0
0
0
0
0
0
0
0
0
0
0
0
0
0
0
0
0
0
0
0
0
0
0
0
0
0
0
0
0
0
0
0
0
0.341515
0.0192102
0
0.00106724
0.00960512
0.36286
0.00747065
0.00533618
0.0106724
0.018143
0.0480256
0.0352188
0.0608324
0.0341515
0.00426894
0
0
0
0
0.00106724
0.00213447
0
0
0
0
0
0
0
0
0
0
0
0.00853789
0.0298826
0
0
0
0
0
0
0
0
0.00320171
0.00747065
0.00426894
0.00747065
0.0170758
0.0277481
0.0288154
0.0480256
0.0501601
0.0458911
0.0693703
0.0683031
0.0640341
0.0490928
0.0437567
0.116329
0.094984
0.0885806
0.094984
0.0373533
0.0266809
0.00213447
0.00320171
0.00106724
0
0
0
0
0
0
0
0
0
0
0
0
0
0.104589
0.272145
0.140875
0.0597652
0.058698
0.058698
0.0394877
0.0106724
0.0309498
0.0576307
0.105656
0.0522946
0.00853789
0
0
0
0
0
0
0
0
