2.98701
2.5974
1.03896
0.649351
0.909091
0.38961
0.38961
0.649351
1.16883
1.68831
1.2987
1.2987
0.909091
1.2987
1.81818
2.07792
2.5974
5.71428
6.62337
6.4935
7.27272
7.27272
5.32467
4.28571
4.15584
2.85714
1.81818
1.55844
0.25974
1.42857
1.16883
0.909091
0.909091
1.03896
0.519481
0.519481
1.81818
0.779221
1.16883
0.909091
0.779221
1.68831
2.5974
3.37662
3.11688
0.12987
0.12987
0.12987
0.12987
0.519481
0.25974
0.25974
0.12987
0
0
0.25974
0.38961
0.12987
0
0
0.25974
0.12987
10.9091
11.039
8.70129
8.05194
7.01298
7.14285
8.44155
8.44155
9.35065
8.05194
7.92207
0
0
0.12987
0
0.12987
0.12987
0
0.38961
0
0.12987
0.12987
0
0
0.12987
0
0.649351
0.38961
0
0
0
0
0
0
0
0
0
0
0
0
0
0
0
0
0
0.519481
1.03896
1.2987
0.12987
0.649351
0.519481
2.98701
3.37662
6.23376
7.14285
7.14285
4.67532
5.71428
5.1948
5.06493
3.24675
4.15584
3.24675
4.41558
3.37662
3.50649
3.37662
4.41558
3.8961
3.63636
4.67532
3.76623
2.72727
0
0
0
0
0
0
0
0
0
0
0
0
0
0
0
0
0
0
0
0
0
0
0
0
0
0
0
0
0
0
0
0
0
0
0
0
0
0
0
0
0
0
0
0
0
0
0
0
0
0
0
0
0
0
0
0
0
0
0
0
0
0
0
0
0
0
0
0
0
0
0
0
0
0
0
0
0
0
0
0
0
0
0
0
0
0
0
0
0
0
0
0
0
0
0
0
0
0
0
0
0
0
0
0
0
0
0
0
45.6552
54.3453
0
0
0
0
0
0
0
0
0
0
0
0
0
0
0
0
0
0
0
0
0
0
0
0
0
0
0
0
0
0
0
0
0
0
0
0
0
0
0
0
0
0
0
0
0
0
0
0
0
0
0
0
0
0
0
0
0
0
0
0
0
0
0
0.0726329
0.00907912
0
0
0.00129702
0.428016
0.00907912
0.0077821
0.0129702
0.0116732
0.0440986
0.101167
0.24773
0.0337224
0.0077821
0.00389105
0
0
0.00129702
0
0
0
0
0
0
0
0
0
0
0
0
0
0.00259403
0.00518807
0
0
0
0
0
0
0
0
0
0.00129702
0.00518807
0.00907912
0.0142672
0.0194553
0.0389105
0.0505837
0.0557717
0.0207523
0.0609598
0.0700389
0.077821
0.0972763
0.111543
0.150454
0.101167
0.0505837
0.0376135
0.0116732
0.00648508
0.00518807
0.00259403
0.00129702
0
0
0
0
0
0
0
0
0
0
0
0
0
0.0856031
0.351492
0.145266
0.0544747
0.0544747
0.0843061
0.106355
0.0492866
0.0363165
0.0168612
0.00518807
0.00648508
0.00259403
0.00129702
0
0
0
0
0
0
0
