2.24839
1.49893
1.07066
1.39186
1.07066
1.606
2.14133
3.10493
1.82013
2.03426
1.2848
1.606
1.606
0.856531
0.856531
2.14133
4.17559
3.21199
4.81799
5.67451
5.35332
5.78158
5.46038
4.38972
3.53319
2.35546
1.92719
1.71306
1.71306
1.39186
1.49893
1.07066
1.07066
1.07066
0.963597
1.606
2.24839
1.82013
0.642398
0.535332
1.07066
1.39186
1.606
3.31906
2.35546
0.321199
0.749465
0
0
0.107066
0.107066
0.214133
0.107066
0.107066
0.214133
0.107066
0
0.107066
0.107066
0.107066
0
0.107066
0.107066
7.28051
14.4539
9.74303
7.70877
8.35117
7.9229
16.3811
14.561
7.60171
0.214133
0.107066
0
0.214133
0.107066
0.107066
0.214133
0.107066
0.107066
0.214133
0.214133
0.321199
0.107066
0.107066
0.107066
0.642398
0.321199
0.321199
0
0
0
0
0
0
0
0
0
0
0
0
0
0
0
0
0
0
0.107066
1.07066
1.17773
1.07066
1.07066
3.21199
5.03212
5.35332
5.88865
6.74518
5.88865
3.85439
2.89079
3.85439
4.38972
4.60385
3.96146
4.28265
5.03212
3.42612
4.92505
2.24839
2.67666
2.78373
2.99786
5.03212
6.53104
0
0
0
0
0
0
0
0
0
0
0
0
0
0
0
0
0
0
0
0
0
0
0
0
0
0
0
0
0
0
0
0
0
0
0
0
0
0
0
0
0
0
0
0
0
0
0
0
0
0
0
0
0
0
0
0
0
0
0
0
0
0
0
0
0
0
0
0
0
0
0
0
0
0
0
0
0
0
0
0
0
0
0
0
0
0
0
0
0
0
0
0
0
0
0
0
0
0
0
0
0
0
0
0
0
0
0
0
41.0697
58.9308
0
0
0
0
0
0
0
0
0
0
0
0
0
0
0
0
0
0
0
0
0
0
0
0
0
0
0
0
0
0
0
0
0
0
0
0
0
0
0
0
0
0
0
0
0
0
0
0
0
0
0
0
0
0
0
0
0
0
0
0
0
0
0
0.352941
0.0171123
0
0
0.00427807
0.380749
0.00641711
0.00427807
0.0117647
0.0171123
0.0534759
0.0374332
0.0534759
0.0331551
0.00641711
0.00427807
0
0
0
0
0
0
0
0
0
0
0
0
0
0
0
0
0.00213904
0.0149733
0
0
0
0
0
0
0
0
0.00106952
0.00106952
0.00641711
0.00748663
0.00427807
0.00855615
0.0235294
0.0299465
0.0459893
0.0641711
0.0930481
0.0887701
0.0705882
0.0545455
0.0534759
0.112299
0.0802139
0.0652406
0.119786
0.0406417
0.026738
0.00213904
0
0
0
0
0
0
0
0
0
0
0
0
0
0
0
0.104813
0.268449
0.140107
0.0438503
0.0663102
0.0802139
0.0320856
0.0181818
0.026738
0.0481283
0.101604
0.0641711
0.00534759
0
0
0
0
0
0
0
0
