3.72093
0.930233
0.310078
0
0
0
0
0
0
0
0
0.155039
0.620155
2.7907
3.87597
4.65116
6.51163
7.90698
9.14729
10.2326
6.35659
3.87597
3.56589
4.96124
2.94574
3.87597
1.86046
1.24031
0.775194
0
0
0.155039
0
0
0
0
0
0
0.155039
0.930233
2.32558
3.25581
2.94574
5.42636
4.65116
0
0
0
0
0
0
0.155039
0
0.155039
0.155039
0
0.155039
0
0.620155
0.310078
0
2.94574
6.82171
7.28682
10.8527
5.5814
7.90698
7.75194
7.28682
10.0775
13.9535
7.5969
4.96124
3.10078
0.465116
0.155039
0.465116
0.465116
0.310078
0.155039
0.155039
0.155039
0
0
0.155039
0
0
0
0
0
0
0
0
0
0
0
0
0
0
0
0
0
0
0
0
0
0
0
0.620155
0.620155
0.930233
0.155039
0.465116
2.7907
5.42636
3.87597
5.89147
6.20155
5.27132
4.96124
5.73644
5.73644
6.66667
5.73644
5.5814
4.8062
5.11628
2.63566
3.56589
2.94574
2.32558
2.7907
2.7907
2.0155
4.49612
0
0
0
0
0
0
0
0
0
0
0
0
0
0
0
0
0
0
0
0
0
0
0
0
0
0
0
0
0
0
0
0
0
0
0
0
0
0
0
0
0
0
0
0
0
0
0
0
0
0
0
0
0
0
0
0
0
0
0
0
0
0
0
0
0
0
0
0
0
0
0
0
0
0
0
0
0
0
0
0
0
0
0
0
0
0
0
0
0
0
0
0
0
0
0
0
0
0
0
0
0
0
0
0
0
0
0
0
51.703
48.2974
0
0
0
0
0
0
0
0
0
0
0
0
0
0
0
0
0
0
0
0
0
0
0
0
0
0
0
0
0
0
0
0
0
0
0
0
0
0
0
0
0
0
0
0
0
0
0
0
0
0
0
0
0
0
0
0
0
0
0
0
0
0
0
0.883901
0.00154799
0
0
0
0
0
0
0
0
0
0
0
0
0
0
0
0
0
0.00464396
0.0123839
0.00464396
0.00464396
0
0
0
0
0
0
0
0
0
0.0108359
0.0773994
0
0
0
0
0
0
0
0.00154799
0.00309598
0.00309598
0.00154799
0.00309598
0.00309598
0.00154799
0.0123839
0.0309598
0.0263158
0.0216718
0.0309598
0.0417957
0.0495356
0.0479876
0.0402477
0.0681115
0.0789474
0.164087
0.185759
0.122291
0.0603715
0.00154799
0
0
0
0
0
0
0
0
0
0
0
0
0
0
0
0.0123839
0.00309598
0.0170279
0.0619195
0.0356037
0.0913313
0.0665635
0.0681115
0.0882353
0.134675
0.226006
0.123839
0.0634675
0.00619195
0.00154799
0
0
0
0
0
0
