1.06732
0.821018
0.656815
0.985222
1.88834
1.39573
0.985222
0.328407
0.656815
0.328407
0.164204
0.246305
2.05255
3.20197
3.69458
2.79146
2.70936
5.74713
6.15764
8.78489
10.9195
8.37438
5.25452
3.85879
3.77668
1.23153
0.821018
0.164204
0
0
0
0
0
0
0
0
0.164204
0.821018
2.38095
2.29885
3.28407
3.20197
2.70936
3.69458
2.46305
0.246305
0.164204
0.164204
0
0.246305
0.328407
0.0821018
0.410509
0.164204
0.164204
0.164204
0.246305
0.328407
0.492611
0.246305
0.410509
2.05255
6.40394
8.37438
7.14286
7.71757
7.96388
8.70279
6.97865
7.79967
7.55337
9.93432
8.9491
2.54516
0.246305
0.410509
0.410509
0.246305
0.164204
0.0821018
0.164204
0.410509
0.0821018
0.492611
0.0821018
0.410509
0.0821018
0.246305
0.0821018
0.492611
0
0
0
0
0
0
0
0
0
0
0
0
0
0
0
0
0
0
0.985222
1.88834
1.31363
1.80624
0.821018
3.36617
4.3514
4.76191
4.26929
7.79967
8.37438
4.6798
5.50082
4.4335
4.5156
4.5977
4.6798
4.02299
4.3514
4.76191
4.26929
3.85879
3.61248
2.79146
2.62726
1.23153
0.410509
0
0
0
0
0
0
0
0
0
0
0
0
0
0
0
0
0
0
0
0
0
0
0
0
0
0
0
0
0
0
0
0
0
0
0
0
0
0
0
0
0
0
0
0
0
0
0
0
0
0
0
0
0
0
0
0
0
0
0
0
0
0
0
0
0
0
0
0
0
0
0
0
0
0
0
0
0
0
0
0
0
0
0
0
0
0
0
0
0
0
0
0
0
0
0
0
0
0
0
0
0
0
0
0
0
0
0
0
64.5614
35.439
0
0
0
0
0
0
0
0
0
0
0
0
0
0
0
0
0
0
0
0
0
0
0
0
0
0
0
0
0
0
0
0
0
0
0
0
0
0
0
0
0
0
0
0
0
0
0
0
0
0
0
0
0
0
0
0
0
0
0
0
0
0
0
0.0590648
0.00820345
0
0
0.02379
0.246924
0.000820345
0
0.000820345
0.000820345
0.00410172
0.0311731
0.14356
0.0508614
0.0131255
0
0
0
0.0139459
0.326497
0.0680886
0.00574241
0
0
0
0
0
0
0
0
0
0
0
0.00246103
0
0
0
0
0
0
0
0
0
0.00164069
0.00164069
0.00246103
0.000820345
0.00410172
0.00574241
0.0106645
0.00656276
0.00902379
0.021329
0.0205086
0.0287121
0.0541427
0.0968007
0.114848
0.0664479
0.0672683
0.0656276
0.0598852
0.0779327
0.0992617
0.105004
0.0664479
0.0131255
0
0
0
0
0
0
0
0
0
0
0
0
0.02379
0.197703
0.0885972
0.0246103
0.026251
0.0689089
0.09516
0.147662
0.150943
0.0853158
0.0319934
0.0221493
0.021329
0.0123052
0.00246103
0.000820345
0
0
0
0
0
