1.93322
0.351494
1.75747
0.175747
0
0
0
0
0
0
0
0
1.05448
1.23023
2.9877
5.44815
6.67838
8.6116
7.90861
9.31459
10.3691
8.26011
4.21793
5.44815
4.56942
2.10896
0.527241
0.527241
0
0
0.351494
0
0.702988
0
0
0
0
0
0
0
1.75747
2.10896
2.10896
4.39367
5.27241
0
0
0
0
0
0.175747
0
0.175747
0.175747
0.702988
0
0.878735
0.351494
1.40598
0.878735
4.04218
5.44815
5.09666
9.13884
5.44815
6.15114
4.21793
9.13884
7.55712
8.08436
5.44815
7.73286
7.02988
3.51494
3.69069
1.75747
1.40598
0
0.175747
0.175747
0
0
0.175747
0
0
0
0
0
0
0
0
0
0
0
0
0
0
0
0
0
0
0
0
0
0
0
0
0.702988
1.05448
4.04218
0.702988
0
0.527241
3.33919
4.74517
4.39367
6.15114
5.09666
5.09666
4.92091
5.79965
6.32689
5.9754
5.09666
4.56942
4.92091
2.9877
3.69069
3.33919
2.6362
2.81195
3.86643
2.46046
2.81195
2.10896
0
0
0
0
0
0
0
0
0
0
0
0
0
0
0
0
0
0
0
0
0
0
0
0
0
0
0
0
0
0
0
0
0
0
0
0
0
0
0
0
0
0
0
0
0
0
0
0
0
0
0
0
0
0
0
0
0
0
0
0
0
0
0
0
0
0
0
0
0
0
0
0
0
0
0
0
0
0
0
0
0
0
0
0
0
0
0
0
0
0
0
0
0
0
0
0
0
0
0
0
0
0
0
0
0
0
0
0
51.7543
48.2455
0
0
0
0
0
0
0
0
0
0
0
0
0
0
0
0
0
0
0
0
0
0
0
0
0
0
0
0
0
0
0
0
0
0
0
0
0
0
0
0
0
0
0
0
0
0
0
0
0
0
0
0
0
0
0
0
0
0
0
0
0
0
0
0.891228
0
0
0
0
0
0
0
0
0
0
0
0
0
0
0
0
0
0
0.00877193
0.0140351
0
0.00175439
0
0
0
0
0
0
0
0
0
0.0157895
0.0684211
0
0
0
0
0
0
0
0
0
0.00175439
0.00175439
0.00175439
0.00175439
0.00350877
0.00701754
0.0122807
0.0105263
0.00350877
0.00877193
0.0298246
0.0368421
0.0263158
0.0789474
0.0666667
0.124561
0.17193
0.221053
0.124561
0.0631579
0.00350877
0
0
0
0
0
0
0
0
0
0
0
0
0
0
0
0.00350877
0.00701754
0.00701754
0.0245614
0.0140351
0.0350877
0.0649123
0.110526
0.0947368
0.184211
0.249123
0.119298
0.077193
0.00701754
0.00175439
0
0
0
0
0
0
