1.45406
2.31328
2.1811
1.25578
1.52016
1.78453
1.1236
0.198282
0.132188
0.132188
0
0.594845
1.18969
2.04891
2.51157
4.03173
4.2961
6.80767
6.74158
9.71579
8.79048
6.74158
5.28751
3.89954
2.51157
0.925314
0.793126
0.330469
0.0660939
0.132188
0
0
0.0660939
0
0
0.0660939
0.660939
0.727032
0.991408
1.91672
2.84204
3.63516
3.83344
3.70126
2.115
0.198282
0.330469
0.264375
0.396563
0.198282
0.264375
0.462657
0.396563
0.264375
0.330469
0.264375
0.396563
0.264375
0.198282
0.132188
0.198282
0.198282
7.79908
10.7733
12.0952
9.71579
10.8394
7.93127
7.20423
7.27033
6.80767
5.94845
4.62657
0.264375
0.132188
0.198282
0.396563
0.132188
0.132188
0.330469
0.198282
0.198282
0.330469
0.330469
0.264375
0.132188
0.594845
0.462657
0.132188
0.0660939
0
0
0
0
0
0
0
0
0
0
0
0
0
0
0
0
0
0
0.198282
0.528751
1.98281
2.1811
0.528751
4.03173
6.01454
6.34501
7.40252
7.79908
6.5433
6.41111
5.48579
5.3536
3.76735
4.75876
4.23001
3.2386
4.09782
3.96563
3.50297
2.37938
2.77594
2.24719
1.78453
0.85922
1.65235
0
0
0
0
0
0
0
0
0
0
0
0
0
0
0
0
0
0
0
0
0
0
0
0
0
0
0
0
0
0
0
0
0
0
0
0
0
0
0
0
0
0
0
0
0
0
0
0
0
0
0
0
0
0
0
0
0
0
0
0
0
0
0
0
0
0
0
0
0
0
0
0
0
0
0
0
0
0
0
0
0
0
0
0
0
0
0
0
0
0
0
0
0
0
0
0
0
0
0
0
0
0
0
0
0
0
0
0
61.229
38.7715
0
0
0
0
0
0
0
0
0
0
0
0
0
0
0
0
0
0
0
0
0
0
0
0
0
0
0
0
0
0
0
0
0
0
0
0
0
0
0
0
0
0
0
0
0
0
0
0
0
0
0
0
0
0
0
0
0
0
0
0
0
0
0
0.361295
0.01321
0
0
0.0204756
0.190225
0.00396301
0.00264201
0.00594452
0
0.00264201
0.00264201
0.00924703
0.0369881
0.00924703
0
0
0
0.00330251
0.26288
0.0409511
0.000660502
0
0
0
0
0
0
0
0
0
0
0.00660502
0.0270806
0
0
0
0
0
0
0
0
0
0.00198151
0.00330251
0.00330251
0.00330251
0.00396301
0.00462351
0.00792602
0.0112285
0.010568
0.014531
0.0217966
0.0369881
0.0568032
0.0977543
0.114267
0.147292
0.0891678
0.0832232
0.0634082
0.0488771
0.0594452
0.0574637
0.0475561
0.0112285
0
0
0
0
0
0
0
0
0
0
0
0
0.0284016
0.148613
0.0733157
0.0217966
0.0224571
0.0528402
0.0931308
0.136724
0.185601
0.119551
0.0733157
0.0389696
0.00462351
0.000660502
0
0
0
0
0
0
0
