2.25614
2.32249
0.928998
0.928998
0.729927
0.464499
0.729927
2.25614
1.59257
2.38885
2.45521
1.858
2.91971
1.52621
1.52621
2.05707
2.91971
3.45056
4.37956
5.44127
6.37027
5.64035
5.37492
3.8487
1.72528
1.19443
0.928998
0.331785
0.331785
0.398142
0.398142
0.199071
0.132714
0.199071
0.398142
0.530856
0.398142
1.26078
1.92435
3.31785
3.91506
5.44127
4.64499
5.04313
2.98606
0.199071
0.066357
0.066357
0
0
0
0.132714
0
0.066357
0
0
0.132714
0
0
0.066357
0.066357
0
0
0.132714
0.066357
0
33.3774
36.1644
28.2016
0
0.132714
0
0
0.066357
0
0.066357
0.066357
0.066357
0.066357
0.132714
0.066357
0.066357
0
0.132714
0
0
0
0.066357
0
0.398142
0
0
0
0
0
0
0
0
0
0
0
0
0
0
0
0
0
0
0
0
0
0.530856
2.52157
8.69277
6.70206
6.6357
7.83013
6.03849
5.97213
5.64035
6.30392
6.1712
4.7777
4.04777
3.31785
3.8487
2.85335
3.05242
2.45521
2.38885
1.59257
2.05707
0.995355
2.85335
2.78699
0
0
0
0
0
0
0
0
0
0
0
0
0
0
0
0
0
0
0
0
0
0
0
0
0
0
0
0
0
0
0
0
0
0
0
0
0
0
0
0
0
0
0
0
0
0
0
0
0
0
0
0
0
0
0
0
0
0
0
0
0
0
0
0
0
0
0
0
0
0
0
0
0
0
0
0
0
0
0
0
0
0
0
0
0
0
0
0
0
0
0
0
0
0
0
0
0
0
0
0
0
0
0
0
0
0
0
0
46.6183
53.3824
0
0
0
0
0
0
0
0
0
0
0
0
0
0
0
0
0
0
0
0
0
0
0
0
0
0
0
0
0
0
0
0
0
0
0
0
0
0
0
0
0
0
0
0
0
0
0
0
0
0
0
0
0
0
0
0
0
0
0
0
0
0
0
0.192971
0.0132626
0
0
0.0185676
0.185676
0.00530504
0.00132626
0.00265252
0.00464191
0.00331565
0.00331565
0.0159151
0.0391247
0.00265252
0.00066313
0
0
0.00464191
0.275199
0.107427
0.0809019
0.00530504
0.00132626
0.00066313
0
0
0
0
0
0
0
0.00729443
0.0278515
0
0
0
0
0
0
0
0
0
0.00066313
0.00132626
0.00265252
0.00596817
0.00198939
0.00464191
0.0112732
0.0125995
0.0185676
0.0159151
0.0417772
0.0576923
0.0842175
0.066313
0.0915119
0.0649867
0.0649867
0.0702918
0.0484085
0.0709549
0.106764
0.100796
0.0477454
0.00795756
0
0
0
0
0
0
0
0
0
0
0
0
0.0185676
0.15252
0.0835544
0.0331565
0.0245358
0.0696286
0.114058
0.143899
0.149204
0.071618
0.0517241
0.051061
0.0218833
0.0106101
0.00265252
0.00066313
0.00066313
0
0
0
0
