2.14844
1.75781
2.44141
0.78125
0
0
0
0
0
0
0
0
0.292969
4.98047
6.44531
7.12891
7.91016
6.15234
5.17578
5.56641
5.66406
3.51563
2.83203
2.14844
1.75781
2.05078
3.125
3.41797
2.63672
3.80859
3.61328
2.63672
0.78125
0
0
0
0
0
0
0.976563
1.75781
2.34375
2.24609
2.05078
1.95313
0
0
0
0
0.0976563
0
0.0976563
0.0976563
0.0976563
0
0.0976563
0
0.390625
0.195313
0.0976563
1.85547
3.61328
3.61328
5.76172
7.22656
8.39844
8.49609
8.39844
8.39844
9.08203
9.27734
7.42188
7.22656
4.88281
2.05078
0.585938
0
0.488281
0.585938
0
0.585938
0.0976563
0.292969
0.195313
0.390625
0
0
0
0
0
0
0
0
0
0
0
0
0
0
0
0
0
0
0
0
0
0
0
0
0.0976563
0.195313
0
0.292969
0.78125
2.63672
2.53906
5.27344
4.88281
4.78516
4.39453
3.80859
4.39453
5.76172
5.95703
4.10156
4.39453
4.19922
3.80859
5.17578
7.51953
4.19922
2.83203
4.78516
4.29688
8.98438
0
0
0
0
0
0
0
0
0
0
0
0
0
0
0
0
0
0
0
0
0
0
0
0
0
0
0
0
0
0
0
0
0
0
0
0
0
0
0
0
0
0
0
0
0
0
0
0
0
0
0
0
0
0
0
0
0
0
0
0
0
0
0
0
0
0
0
0
0
0
0
0
0
0
0
0
0
0
0
0
0
0
0
0
0
0
0
0
0
0
0
0
0
0
0
0
0
0
0
0
0
0
0
0
0
0
0
0
68.5855
31.4146
0
0
0
0
0
0
0
0
0
0
0
0
0
0
0
0
0
0
0
0
0
0
0
0
0
0
0
0
0
0
0
0
0
0
0
0
0
0
0
0
0
0
0
0
0
0
0
0
0
0
0
0
0
0
0
0
0
0
0
0
0
0
0
0.350244
0.0107317
0
0
0
0.00390244
0.00195122
0.00292683
0.00780488
0.00487805
0.00390244
0.022439
0.199024
0.0653659
0.017561
0.00097561
0
0.00195122
0.00780488
0.228293
0.0429268
0.00195122
0.00195122
0.00097561
0
0
0
0
0
0
0
0
0.00780488
0.0146341
0
0
0
0
0
0
0
0.00097561
0.00097561
0.00390244
0.0117073
0.00878049
0.0165854
0.0234146
0.0195122
0.0302439
0.0321951
0.0253659
0.0253659
0.04
0.0556098
0.062439
0.0682927
0.0829268
0.0614634
0.0936585
0.0868293
0.0517073
0.0487805
0.0390244
0.062439
0.0409756
0.00682927
0
0
0
0
0
0
0
0
0
0
0
0
0.044878
0.062439
0.0507317
0.08
0.0682927
0.0878049
0.101463
0.107317
0.10439
0.115122
0.0829268
0.0526829
0.0273171
0.00878049
0.00390244
0.00097561
0
0.00097561
0
0
0
