2.69266
1.02136
0.464253
0.928505
1.11421
0.464253
0.0928505
0.0928505
0
0
0
0
0
2.87837
4.08542
7.98515
6.87094
7.7066
8.91366
8.4494
7.61375
6.22099
5.19963
4.17827
3.80687
2.22841
0.649954
0.278552
0.0928505
0
0
0
0
0
0
0
0.0928505
0.557103
0.557103
1.02136
2.69266
1.85701
2.32126
3.24977
3.71402
0
0
0.0928505
0
0
0
0
0.0928505
0
0.278552
0.0928505
0.557103
0.464253
0.649954
0.464253
3.34262
3.99257
5.19963
6.40669
5.29248
7.05664
8.2637
7.3352
7.8923
8.17085
9.65646
9.28506
6.96379
3.34262
2.41411
0.278552
0.0928505
0.557103
0.464253
0.185701
0
0.0928505
0.464253
0.0928505
0.185701
0.278552
0.0928505
0
0
0
0
0
0
0
0
0
0
0
0
0
0
0
0
0
0
0
0.557103
0.464253
2.04271
2.32126
0.649954
0.464253
0.185701
2.97122
3.34262
3.43547
5.10678
5.84958
5.29248
5.38533
4.92108
4.45682
4.27112
3.99257
7.24234
5.47818
5.10678
3.52832
3.43547
5.38533
4.82823
2.78552
2.69266
3.06407
0.835655
0
0
0
0
0
0
0
0
0
0
0
0
0
0
0
0
0
0
0
0
0
0
0
0
0
0
0
0
0
0
0
0
0
0
0
0
0
0
0
0
0
0
0
0
0
0
0
0
0
0
0
0
0
0
0
0
0
0
0
0
0
0
0
0
0
0
0
0
0
0
0
0
0
0
0
0
0
0
0
0
0
0
0
0
0
0
0
0
0
0
0
0
0
0
0
0
0
0
0
0
0
0
0
0
0
0
0
0
48.9797
51.0206
0
0
0
0
0
0
0
0
0
0
0
0
0
0
0
0
0
0
0
0
0
0
0
0
0
0
0
0
0
0
0
0
0
0
0
0
0
0
0
0
0
0
0
0
0
0
0
0
0
0
0
0
0
0
0
0
0
0
0
0
0
0
0
0.528757
0
0
0
0
0
0
0
0
0
0
0
0
0
0
0
0
0
0.00371058
0.320037
0.0918367
0.00556586
0
0.000927644
0.00185529
0
0
0
0
0
0
0.00185529
0.0157699
0.0296846
0
0
0
0
0
0
0
0
0
0
0.00278293
0.000927644
0.00278293
0.00185529
0.0120594
0.0269017
0.0241187
0.0148423
0.0166976
0.028757
0.0426716
0.0278293
0.0204082
0.0333952
0.0482375
0.102041
0.146568
0.112245
0.0621521
0.0408163
0.109462
0.11039
0.0120594
0
0
0
0
0
0
0
0
0
0
0
0
0.00742115
0.0102041
0.0102041
0.0612245
0.0361781
0.0769944
0.0667903
0.0621521
0.165121
0.202226
0.166048
0.0834879
0.0491651
0.00278293
0
0
0
0
0
0
0
