5.17241
2.68199
0.0957854
0.478927
0
0
0
0
0
0
0
0
0.0957854
1.24521
2.10728
4.11877
7.85441
7.37548
9.67433
10.9195
7.75863
5.07663
6.22606
4.50191
4.11877
4.50191
2.39464
0.766284
0.191571
0.191571
0.766284
0.287356
0.191571
0
0
0
0
0
0
0.0957854
0.0957854
0.287356
2.39464
5.74713
2.68199
0
0
0
0
0
0
0
0.191571
0
0.0957854
0.478927
0.383142
0.287356
0.383142
2.58621
3.2567
6.70498
5.84291
6.70498
7.47127
8.04598
6.51341
7.56705
8.62069
6.70498
5.9387
5.07663
4.02299
4.50191
2.68199
3.73563
1.72414
0.287356
0.0957854
0.0957854
0
0.0957854
0
0
0
0
0
0
0
0
0
0
0
0
0
0
0
0
0
0
0
0
0
0
0
0
0.478927
0.957854
0
0.862069
0.191571
0
0.287356
1.24521
3.2567
10.728
6.6092
4.21456
5.2682
5.2682
6.51341
5.17241
4.88506
4.69349
4.98084
5.07663
3.54406
2.49042
3.2567
3.63985
2.96935
3.35249
4.88506
2.68199
2.58621
0
0
0
0
0
0
0
0
0
0
0
0
0
0
0
0
0
0
0
0
0
0
0
0
0
0
0
0
0
0
0
0
0
0
0
0
0
0
0
0
0
0
0
0
0
0
0
0
0
0
0
0
0
0
0
0
0
0
0
0
0
0
0
0
0
0
0
0
0
0
0
0
0
0
0
0
0
0
0
0
0
0
0
0
0
0
0
0
0
0
0
0
0
0
0
0
0
0
0
0
0
0
0
0
0
0
0
0
30.2392
69.7614
0
0
0
0
0
0
0
0
0
0
0
0
0
0
0
0
0
0
0
0
0
0
0
0
0
0
0
0
0
0
0
0
0
0
0
0
0
0
0
0
0
0
0
0
0
0
0
0
0
0
0
0
0
0
0
0
0
0
0
0
0
0
0
0.348325
0
0
0
0
0
0
0
0
0
0
0
0
0
0
0
0
0
0.00287081
0.511005
0.0708134
0.0133971
0.00287081
0.000956938
0.00191388
0
0
0
0
0
0
0
0.0105263
0.0373206
0
0
0
0
0
0
0
0
0
0.00191388
0.00574163
0.00382775
0.00669856
0
0.00669856
0.0133971
0.00478469
0.0114833
0.0124402
0.0124402
0.00956938
0.0124402
0.0191388
0.0200957
0.0488038
0.0851675
0.120574
0.0947368
0.103349
0.0861244
0.178947
0.130144
0.0114833
0
0
0
0
0
0
0
0
0
0
0
0
0.0143541
0.0133971
0.0258373
0.0229665
0.0162679
0.0296651
0.0344498
0.104306
0.247847
0.206699
0.143541
0.0832536
0.0488038
0.0076555
0.000956938
0
0
0
0
0
0
