2.09924
2.3855
1.81298
2.00382
1.04962
0.477099
0.19084
0.28626
0
0.0954198
1.62214
1.52672
2.19466
2.29008
4.19847
5.53435
5.53435
5.05725
6.48855
5.82061
4.38931
4.96183
3.43512
4.19847
2.76718
4.10305
2.19466
2.29008
2.3855
1.14504
0.477099
0.0954198
0.0954198
0
0.0954198
0
0.381679
1.04962
2.00382
2.67176
2.29008
2.29008
1.9084
2.00382
2.19466
0
0
0.0954198
0.0954198
0.381679
0.0954198
0.0954198
0.19084
0.667939
0.19084
0.19084
0.19084
0.19084
0.477099
0.28626
0.477099
0.28626
3.91221
5.34351
8.77863
8.58779
9.35115
7.91985
7.44275
9.44657
9.06489
12.6908
9.25573
0.477099
0.381679
0.0954198
0.381679
0.381679
0.381679
0.28626
0.0954198
0.381679
0.381679
0.0954198
0.19084
0.572519
0.28626
0
0
0
0
0
0
0
0
0
0
0
0
0
0
0
0
0
0
0
0
0.858779
1.62214
1.14504
0.954198
0.28626
0.19084
2.09924
2.29008
6.39313
4.29389
4.00763
4.10305
5.43893
6.10687
5.34351
3.24428
4.96183
4.67557
4.10305
5.34351
4.38931
3.91221
4.29389
5.05725
4.86641
4.58015
3.62596
1.9084
0
0
0
0
0
0
0
0
0
0
0
0
0
0
0
0
0
0
0
0
0
0
0
0
0
0
0
0
0
0
0
0
0
0
0
0
0
0
0
0
0
0
0
0
0
0
0
0
0
0
0
0
0
0
0
0
0
0
0
0
0
0
0
0
0
0
0
0
0
0
0
0
0
0
0
0
0
0
0
0
0
0
0
0
0
0
0
0
0
0
0
0
0
0
0
0
0
0
0
0
0
0
0
0
0
0
0
0
57.5788
42.4215
0
0
0
0
0
0
0
0
0
0
0
0
0
0
0
0
0
0
0
0
0
0
0
0
0
0
0
0
0
0
0
0
0
0
0
0
0
0
0
0
0
0
0
0
0
0
0
0
0
0
0
0
0
0
0
0
0
0
0
0
0
0
0
0.477598
0.00953289
0
0
0.000953289
0.000953289
0
0.00285987
0.00667302
0.00762631
0.0219256
0.0619638
0.192564
0.0228789
0.00953289
0
0
0.000953289
0.00476644
0.129647
0.0247855
0.000953289
0.00190658
0
0
0
0
0
0
0
0
0
0.00571973
0.0162059
0
0
0
0
0
0
0
0
0.000953289
0.000953289
0.00571973
0.0123928
0.00953289
0.0114395
0.0085796
0.00953289
0.0152526
0.0171592
0.0219256
0.0276454
0.0667302
0.0734032
0.092469
0.110582
0.0962822
0.111535
0.0829361
0.0571973
0.0476644
0.0276454
0.0390848
0.0457579
0.00762631
0
0
0
0
0
0
0
0
0
0
0
0
0.0276454
0.0276454
0.0209724
0.0324118
0.049571
0.0753098
0.15348
0.146806
0.137274
0.13632
0.0896092
0.0467112
0.0409914
0.00953289
0.00476644
0
0
0.000953289
0
0
0
