2.31481
1.57407
0.833333
0.555556
0
0.185185
0
0
0
0
0
0
0.925926
1.38889
2.87037
5.64815
7.87037
11.2037
7.59259
7.96297
6.85185
4.72222
3.61111
2.77778
2.40741
1.01852
0.37037
0.0925926
0
0
0
0
0
0
0.0925926
0.0925926
0.462963
1.48148
2.96296
2.68518
3.51852
4.07407
3.98148
4.90741
3.05555
0
0
0.0925926
0
0.0925926
0.0925926
0
0.277778
0
0.0925926
0.0925926
0.0925926
0.185185
0
0.0925926
0.277778
0
0.0925926
7.31482
12.3148
10.1852
16.8518
13.7963
13.2407
11.2037
8.05556
4.16666
0.185185
0.277778
0
0
0.0925926
0.0925926
0
0.185185
0.0925926
0.185185
0
0.185185
0
0.0925926
0.0925926
0
0
0
0
0
0
0
0
0
0
0
0
0
0
0
0
0
0
0
0
0
0
0.37037
1.11111
0.925926
0.555556
2.5
3.98148
5.55555
4.35185
5.55555
5.64815
4.53703
5.46296
4.35185
4.53703
5
5.92593
4.44444
3.51852
6.48148
6.2037
6.48148
5.46296
3.33333
1.85185
1.2037
0.740741
0
0
0
0
0
0
0
0
0
0
0
0
0
0
0
0
0
0
0
0
0
0
0
0
0
0
0
0
0
0
0
0
0
0
0
0
0
0
0
0
0
0
0
0
0
0
0
0
0
0
0
0
0
0
0
0
0
0
0
0
0
0
0
0
0
0
0
0
0
0
0
0
0
0
0
0
0
0
0
0
0
0
0
0
0
0
0
0
0
0
0
0
0
0
0
0
0
0
0
0
0
0
0
0
0
0
0
0
50.7861
49.2135
0
0
0
0
0
0
0
0
0
0
0
0
0
0
0
0
0
0
0
0
0
0
0
0
0
0
0
0
0
0
0
0
0
0
0
0
0
0
0
0
0
0
0
0
0
0
0
0
0
0
0
0
0
0
0
0
0
0
0
0
0
0
0
0.404255
0.00925069
0
0
0.000925069
0.00185014
0.000925069
0.00185014
0.00555042
0.00555042
0.0148011
0.0379278
0.172063
0.0203515
0.0111008
0
0
0
0.00555042
0.236818
0.052729
0
0.00277521
0
0
0
0
0
0
0
0
0
0.00647549
0.00925069
0
0
0
0
0
0
0
0
0.000925069
0
0.00370028
0.00462535
0.00277521
0.00370028
0.00832562
0.00555042
0.00925069
0.00462535
0.0111008
0.0222017
0.0471785
0.0407031
0.0730805
0.080481
0.0684551
0.0749306
0.116559
0.093432
0.0925069
0.0684551
0.0925069
0.0638298
0.0111008
0
0
0
0
0
0
0
0
0
0
0
0
0.012951
0.00925069
0.0120259
0.0277521
0.0323774
0.0703053
0.13321
0.144311
0.174838
0.130435
0.13136
0.053654
0.0462535
0.0166512
0.00462535
0
0
0
0
0
0
