3.99274
0
0.907441
2.35935
0
0
0
0
0
0
0
0
0.362976
0.544465
1.99637
3.0853
4.53721
12.7042
9.61887
9.61887
8.89292
9.80036
5.26316
5.80762
4.90018
0.907441
0.544465
0
0
0.181488
0
0.362976
0.362976
0.181488
0
0.181488
0
0
0
0
0.362976
2.35935
3.0853
2.90381
4.35572
0
0
0
0
0
0
0.181488
0
0.181488
0
0.181488
0.362976
0
1.45191
1.63339
1.45191
4.53721
5.44465
6.1706
7.80399
9.07441
9.07441
8.34845
8.16697
7.25953
6.35209
4.71869
5.98911
4.90018
1.81488
2.54083
1.99637
0
0
0
0.181488
0
0
0.181488
0.181488
0
0
0
0
0
0
0
0
0
0
0
0
0
0
0
0
0
0
0
0
0
0
0.544465
3.26679
3.0853
0
0.362976
0.544465
3.99274
3.81125
4.17423
6.89655
5.44465
4.71869
5.26316
5.62613
8.34845
7.25953
8.34845
3.99274
3.0853
3.62976
2.54083
1.63339
2.90381
2.90381
1.81488
1.81488
1.99637
2.17786
0
0
0
0
0
0
0
0
0
0
0
0
0
0
0
0
0
0
0
0
0
0
0
0
0
0
0
0
0
0
0
0
0
0
0
0
0
0
0
0
0
0
0
0
0
0
0
0
0
0
0
0
0
0
0
0
0
0
0
0
0
0
0
0
0
0
0
0
0
0
0
0
0
0
0
0
0
0
0
0
0
0
0
0
0
0
0
0
0
0
0
0
0
0
0
0
0
0
0
0
0
0
0
0
0
0
0
0
43.4783
56.5218
0
0
0
0
0
0
0
0
0
0
0
0
0
0
0
0
0
0
0
0
0
0
0
0
0
0
0
0
0
0
0
0
0
0
0
0
0
0
0
0
0
0
0
0
0
0
0
0
0
0
0
0
0
0
0
0
0
0
0
0
0
0
0
0.835145
0
0
0
0
0
0
0
0
0
0
0
0
0
0
0
0
0
0
0.00362319
0.0163043
0.00724638
0.00181159
0.00181159
0
0
0
0
0
0
0
0
0.0163043
0.117754
0
0
0
0
0
0
0
0
0.00181159
0
0.00181159
0.00181159
0.00362319
0.00362319
0.00543478
0.00905797
0.00724638
0.0108696
0.00905797
0.0144928
0.0144928
0.0307971
0.076087
0.0960145
0.13587
0.166667
0.211957
0.132246
0.067029
0
0
0
0
0
0
0
0
0
0
0
0
0
0
0
0
0.00724638
0.00543478
0.0108696
0.0163043
0.0163043
0.0181159
0.0362319
0.119565
0.126812
0.181159
0.257246
0.119565
0.0851449
0
0
0
0
0
0
0
0
