2.55958
1.41218
0.353045
1.05914
0.264784
0.176523
0.176523
0
0
0
0
0.176523
0.794351
2.03001
3.97176
5.73698
6.35481
8.91439
7.76699
10.4148
7.32568
5.82524
3.26567
2.82436
2.55958
1.85349
0.353045
0.0882613
0.176523
0
0
0
0
0
0
0.176523
0.617829
1.50044
1.5887
3.08915
3.53045
3.61871
3.17741
2.82436
3.53045
0
0.0882613
0.176523
0.0882613
0.0882613
0.176523
0.176523
0
0.264784
0
0.176523
0.176523
0
0.264784
0.176523
0.176523
0.529568
7.0609
8.38482
10.15
11.1209
10.2383
10.9444
10.5914
8.73786
8.47308
7.41394
2.55958
0.353045
0.353045
0.176523
0
0
0.0882613
0.176523
0.0882613
0
0.264784
0.0882613
0
0
0.176523
0.0882613
0
0
0
0
0
0
0
0
0
0
0
0
0
0
0
0
0
0
0
0
0.176523
0.794351
1.67696
0.617829
0.264784
3.53045
4.41306
2.91262
5.82524
5.11915
6.00176
6.17829
5.03089
5.56046
5.20741
4.67785
5.29568
3.8835
5.20741
4.94263
5.29568
4.50133
5.56046
3.26567
2.7361
1.05914
0.353045
0
0
0
0
0
0
0
0
0
0
0
0
0
0
0
0
0
0
0
0
0
0
0
0
0
0
0
0
0
0
0
0
0
0
0
0
0
0
0
0
0
0
0
0
0
0
0
0
0
0
0
0
0
0
0
0
0
0
0
0
0
0
0
0
0
0
0
0
0
0
0
0
0
0
0
0
0
0
0
0
0
0
0
0
0
0
0
0
0
0
0
0
0
0
0
0
0
0
0
0
0
0
0
0
0
0
0
0
50.3531
49.6476
0
0
0
0
0
0
0
0
0
0
0
0
0
0
0
0
0
0
0
0
0
0
0
0
0
0
0
0
0
0
0
0
0
0
0
0
0
0
0
0
0
0
0
0
0
0
0
0
0
0
0
0
0
0
0
0
0
0
0
0
0
0
0
0.445326
0.00617284
0
0
0
0.000881834
0.00440917
0.00617284
0.00529101
0.015873
0.0202822
0.0202822
0.167549
0.026455
0.00793651
0
0
0
0.0026455
0.206349
0.0352734
0.00176367
0.00352734
0
0
0
0
0
0
0
0
0
0.0026455
0.021164
0
0
0
0
0
0
0
0
0.000881834
0.00176367
0.00176367
0.00352734
0.00617284
0.00881834
0.0132275
0.0167549
0.0291005
0.0194004
0.0238095
0.0405644
0.0440917
0.0467372
0.0555556
0.0599647
0.0670194
0.0626102
0.128748
0.0996473
0.0820106
0.0520282
0.0652557
0.0626102
0.00793651
0
0
0
0
0
0
0
0
0
0
0
0
0.010582
0.0132275
0.0255732
0.0661376
0.0582011
0.0917108
0.145503
0.0978836
0.130511
0.0917108
0.135802
0.0758377
0.0449735
0.0114638
0.000881834
0
0
0
0
0
0
