1.71165
3.68664
3.35747
3.15997
2.69914
2.76498
1.51415
1.90915
0.987492
1.84332
3.02831
3.55497
3.68664
3.22581
2.23831
2.36998
2.96248
3.09414
3.09414
2.63331
1.64582
1.31666
3.15997
2.76498
2.23831
3.6208
2.96248
2.17248
1.64582
2.23831
3.42331
3.6208
3.09414
1.77748
0.921659
0.658328
0.855826
1.18499
1.11916
1.05332
0.724161
0.658328
1.51415
0.921659
1.25082
0.987492
0.131666
0.197498
0.0658328
0.131666
0.197498
0.197498
0.0658328
0
0
0.131666
0.0658328
0.131666
0.131666
0.0658328
0.0658328
0.131666
0.131666
0.197498
0.0658328
8.62409
26.2672
35.4838
16.1949
7.17577
0.197498
0.394997
0.131666
0.131666
0.131666
0
0.197498
0.131666
0.0658328
0.0658328
0.0658328
0
0
0
0.0658328
0.197498
0.131666
0.329164
0.197498
0.789993
0
0
0
0
0
0
0
0
0
0
0
0
0
0
0
0
0
0
0
0
1.31666
1.64582
0.131666
5.52995
7.37326
7.83409
7.76826
6.05661
6.38578
6.31994
6.51744
5.00329
3.48914
3.88414
3.8183
3.55497
3.68664
4.08163
2.63331
2.56748
1.97498
1.71165
1.51415
3.15997
2.10665
0
0
0
0
0
0
0
0
0
0
0
0
0
0
0
0
0
0
0
0
0
0
0
0
0
0
0
0
0
0
0
0
0
0
0
0
0
0
0
0
0
0
0
0
0
0
0
0
0
0
0
0
0
0
0
0
0
0
0
0
0
0
0
0
0
0
0
0
0
0
0
0
0
0
0
0
0
0
0
0
0
0
0
0
0
0
0
0
0
0
0
0
0
0
0
0
0
0
0
0
0
0
0
0
0
0
0
0
54.8682
45.1315
0
0
0
0
0
0
0
0
0
0
0
0
0
0
0
0
0
0
0
0
0
0
0
0
0
0
0
0
0
0
0
0
0
0
0
0
0
0
0
0
0
0
0
0
0
0
0
0
0
0
0
0
0
0
0
0
0
0
0
0
0
0
0
0.249342
0.00263158
0
0
0.0513158
0.119737
0.00131579
0.00131579
0.00131579
0.000657895
0.00131579
0.00328947
0.0289474
0.0217105
0.00460526
0
0
0.000657895
0.00592105
0.257237
0.121053
0.0855263
0.00526316
0.00526316
0
0
0
0
0
0
0
0
0.00592105
0.0256579
0
0
0
0
0
0
0
0
0.000657895
0.00131579
0.00263158
0.00328947
0.00526316
0.00855263
0.00657895
0.00855263
0.00921053
0.00986842
0.0157895
0.0184211
0.0447368
0.0848684
0.0776316
0.093421
0.100658
0.0625
0.0842105
0.0736842
0.0539474
0.0809211
0.0888158
0.0552632
0.00921053
0
0
0
0
0
0
0
0
0
0
0
0
0.0210526
0.103947
0.0842105
0.0269737
0.0269737
0.0447368
0.132895
0.168421
0.167105
0.0743421
0.0513158
0.0467105
0.0355263
0.0118421
0.00394737
0
0
0
0
0
0
