1.36467
1.13723
0.682335
1.13723
0.379075
0.15163
0.15163
0.60652
0.227445
0.227445
0.15163
0.530705
0.682335
4.16982
5.30705
6.89917
7.20243
6.67173
4.32145
8.56711
8.94618
6.44428
4.77635
3.79075
5.15542
3.0326
1.13723
0.60652
0.60652
0.30326
0.15163
0.075815
0.530705
0.30326
0.530705
1.06141
0.379075
0.90978
0.60652
1.13723
1.5163
1.59211
1.74374
2.35026
1.81956
0
0.15163
0.30326
0.227445
0.075815
0.227445
0
0.227445
0.530705
0.379075
0.227445
0.30326
0.227445
0.379075
3.33586
6.0652
5.23124
5.07961
4.47308
6.36846
5.45868
6.89917
6.44428
5.76194
7.35406
6.29265
5.15542
4.85216
4.70053
5.61031
5.23124
0.30326
0.30326
0.15163
0.30326
0.15163
0.15163
0.15163
0.30326
0.075815
0.075815
0.227445
0.075815
0
0.227445
0
0
0
0
0
0
0
0
0
0
0
0
0
0
0
0.15163
0.45489
0.833965
2.72934
1.13723
0.15163
0.45489
0.227445
0.75815
3.79075
4.47308
4.70053
8.26384
7.0508
7.27825
6.74754
4.92798
5.23124
6.67173
5.38287
4.39727
3.86656
4.39727
3.10841
2.35026
2.19863
1.59211
1.36467
2.19863
3.18423
0
0
0
0
0
0
0
0
0
0
0
0
0
0
0
0
0
0
0
0
0
0
0
0
0
0
0
0
0
0
0
0
0
0
0
0
0
0
0
0
0
0
0
0
0
0
0
0
0
0
0
0
0
0
0
0
0
0
0
0
0
0
0
0
0
0
0
0
0
0
0
0
0
0
0
0
0
0
0
0
0
0
0
0
0
0
0
0
0
0
0
0
0
0
0
0
0
0
0
0
0
0
0
0
0
0
0
0
40.2272
59.7723
0
0
0
0
0
0
0
0
0
0
0
0
0
0
0
0
0
0
0
0
0
0
0
0
0
0
0
0
0
0
0
0
0
0
0
0
0
0
0
0
0
0
0
0
0
0
0
0
0
0
0
0
0
0
0
0
0
0
0
0
0
0
0
0.383333
0.0204545
0
0
0.0386364
0.2
0.00151515
0.00378788
0.0030303
0.00984848
0.0272727
0.0136364
0.0106061
0.00757576
0.00909091
0
0.000757576
0
0.00378788
0.214394
0.0325758
0.00227273
0
0
0
0
0
0
0
0
0
0
0.00151515
0.0159091
0
0
0
0
0
0
0
0
0.000757576
0.000757576
0.00378788
0.0030303
0.0030303
0.00757576
0.0136364
0.00984848
0.00984848
0.019697
0.0325758
0.044697
0.0507576
0.0492424
0.0462121
0.0984849
0.151515
0.0984849
0.0909091
0.0825758
0.0454545
0.0401515
0.0492424
0.0462121
0.00151515
0
0
0
0
0
0
0
0
0
0
0
0
0.0371212
0.14697
0.109091
0.0469697
0.0318182
0.0454545
0.05
0.0689394
0.157576
0.125
0.102273
0.0712121
0.00757576
0
0
0
0
0
0
0
0
