3.39139
1.83318
0.091659
0
0
0.274977
0
0
0
0
0
0
0.091659
1.28323
3.75802
6.59945
6.23282
7.05775
10.7241
9.71585
7.97434
6.41613
5.86618
4.12466
2.10816
2.56645
1.37489
1.5582
0.641613
0.549954
0.549954
1.09991
0.458295
0
0
0
0
0
0.183318
0.458295
0.183318
1.09991
3.5747
5.68286
2.56645
0
0
0
0
0
0
0
0.091659
0
0.274977
0.183318
0.824931
0.183318
0.641613
3.11641
5.04125
3.94134
3.75802
7.33273
4.94959
6.41613
6.32448
5.68286
6.69111
8.79927
9.80751
8.52429
5.68286
4.94959
2.84143
2.74977
0.549954
0.091659
0.274977
0.091659
0.274977
0
0
0
0
0
0
0
0
0
0
0
0
0
0
0
0
0
0
0
0
0
0
0
0
0.183318
1.19157
0.274977
0.091659
0
0.183318
1.00825
0.366636
1.09991
3.94134
9.80751
4.67461
4.76627
4.85793
3.84968
4.67461
4.49129
4.76627
5.68286
4.85793
4.39963
4.30798
4.033
5.49954
3.02475
5.49954
3.39139
2.74977
2.65811
3.75802
0
0
0
0
0
0
0
0
0
0
0
0
0
0
0
0
0
0
0
0
0
0
0
0
0
0
0
0
0
0
0
0
0
0
0
0
0
0
0
0
0
0
0
0
0
0
0
0
0
0
0
0
0
0
0
0
0
0
0
0
0
0
0
0
0
0
0
0
0
0
0
0
0
0
0
0
0
0
0
0
0
0
0
0
0
0
0
0
0
0
0
0
0
0
0
0
0
0
0
0
0
0
0
0
0
0
0
0
19.4139
80.5864
0
0
0
0
0
0
0
0
0
0
0
0
0
0
0
0
0
0
0
0
0
0
0
0
0
0
0
0
0
0
0
0
0
0
0
0
0
0
0
0
0
0
0
0
0
0
0
0
0
0
0
0
0
0
0
0
0
0
0
0
0
0
0
0.400183
0
0
0
0
0
0
0
0
0
0
0
0
0
0
0
0
0.000915751
0
0.431319
0.110806
0.00915751
0.000915751
0.0018315
0
0
0
0
0
0
0
0
0.00824176
0.03663
0
0
0
0
0
0
0
0
0.000915751
0.000915751
0.00549451
0.0018315
0.00457875
0.00641026
0.0119048
0.00641026
0.00824176
0.0164835
0.0137363
0.0375458
0.0375458
0.0320513
0.0375458
0.0320513
0.0485348
0.0760073
0.122711
0.101648
0.0787546
0.0567766
0.1337
0.118132
0.0100733
0
0
0
0
0
0
0
0
0
0
0
0
0.0164835
0.014652
0.0302198
0.0613553
0.0247253
0.0393773
0.0622711
0.0934066
0.184982
0.203297
0.141941
0.0769231
0.0421245
0.00824176
0
0
0
0
0
0
0
