2.77502
2.77502
0.891972
0.693756
0
0
0
0
0
0
0
0
0.594648
2.67592
1.68484
2.87413
5.64916
8.32508
8.32508
12.2894
8.12686
8.12686
4.55897
5.35183
4.16254
1.68484
0.792864
0.99108
0.49554
0
0
0
0
0
0
0
0
0
0
1.1893
2.37859
1.88305
4.16254
4.06343
2.57681
0
0.099108
0.099108
0
0
0.099108
0.396432
0.099108
0.396432
0.49554
1.09019
0.396432
0.396432
0.198216
0.693756
3.27056
2.4777
4.06343
5.55005
7.23489
8.12686
7.03667
6.34292
8.02776
10.2081
8.72151
6.93757
4.26164
4.75719
4.26164
1.58573
0.297324
0.297324
0.396432
0.594648
0.594648
0.297324
0.297324
0
0
0
0
0
0
0
0
0
0
0
0
0
0
0
0
0
0
0
0
0
0
0.198216
0.49554
0.693756
0.693756
1.68484
0.198216
0.396432
0.297324
1.68484
4.9554
9.61348
5.05451
4.9554
5.74827
4.9554
5.25273
6.24381
4.55897
6.34292
4.65808
5.15362
3.46878
2.97324
2.77502
4.26164
3.17146
4.65808
2.4777
1.38751
1.09019
0
0
0
0
0
0
0
0
0
0
0
0
0
0
0
0
0
0
0
0
0
0
0
0
0
0
0
0
0
0
0
0
0
0
0
0
0
0
0
0
0
0
0
0
0
0
0
0
0
0
0
0
0
0
0
0
0
0
0
0
0
0
0
0
0
0
0
0
0
0
0
0
0
0
0
0
0
0
0
0
0
0
0
0
0
0
0
0
0
0
0
0
0
0
0
0
0
0
0
0
0
0
0
0
0
0
0
0
65.0497
34.9506
0
0
0
0
0
0
0
0
0
0
0
0
0
0
0
0
0
0
0
0
0
0
0
0
0
0
0
0
0
0
0
0
0
0
0
0
0
0
0
0
0
0
0
0
0
0
0
0
0
0
0
0
0
0
0
0
0
0
0
0
0
0
0
0.467327
0
0
0
0
0
0
0
0
0
0
0
0
0
0
0
0
0
0.0019802
0.347525
0.113861
0.00594059
0.000990099
0.000990099
0
0
0
0
0
0
0
0.000990099
0.0138614
0.0465347
0
0
0
0
0
0
0
0
0
0.0019802
0.0039604
0.00792079
0.00495049
0.00693069
0.00792079
0.0029703
0.00693069
0.0019802
0.0029703
0.0039604
0.0138614
0.0257426
0.019802
0.0564356
0.0633663
0.121782
0.140594
0.0871287
0.0683168
0.060396
0.138614
0.133663
0.0178218
0
0
0
0
0
0
0
0
0
0
0
0
0.0188119
0.0158416
0.00891089
0.00693069
0.00693069
0.0148515
0.0445545
0.10396
0.213861
0.253465
0.172277
0.0762376
0.0544554
0.00792079
0.000990099
0
0
0
0
0
0
