1.44928
1.25604
1.64251
1.93237
1.25604
1.64251
3.28503
1.54589
1.44928
0.0966184
0.0966184
0.483092
0.676328
2.89855
4.92754
4.7343
3.28503
3.96135
5.12077
3.28503
2.70531
2.1256
1.64251
2.80193
3.28503
5.12077
6.18357
7.72946
5.60386
4.25121
2.41546
0.869565
0.869565
0.193237
0
0
0
0.57971
0.869565
0.966184
1.54589
1.44928
1.25604
1.64251
0.966184
0.0966184
0.0966184
0.0966184
0.483092
0.0966184
0.289855
0.483092
0.289855
0.676328
0.772947
0.289855
0.966184
0.386473
0.193237
0.289855
0.483092
3.09179
6.95652
6.66666
5.41063
6.76328
6.47343
6.57004
8.11594
9.56522
8.79227
7.14975
6.57004
4.25121
0.289855
0.869565
0.869565
0.676328
0.966184
0.676328
0.57971
0.676328
0.386473
0.289855
0.193237
0.386473
0.193237
0.289855
0.289855
0.0966184
0
0
0
0
0
0
0
0
0
0
0
0
0
0
0
0
2.22222
3.86474
2.02899
0
0
0
0
0.869565
1.25604
2.02899
2.80193
6.95652
5.41063
3.86474
4.7343
3.96135
2.6087
3.6715
3.38164
2.80193
3.47826
2.41546
4.05797
4.34783
4.15459
3.96135
5.60386
9.37198
10.2415
0
0
0
0
0
0
0
0
0
0
0
0
0
0
0
0
0
0
0
0
0
0
0
0
0
0
0
0
0
0
0
0
0
0
0
0
0
0
0
0
0
0
0
0
0
0
0
0
0
0
0
0
0
0
0
0
0
0
0
0
0
0
0
0
0
0
0
0
0
0
0
0
0
0
0
0
0
0
0
0
0
0
0
0
0
0
0
0
0
0
0
0
0
0
0
0
0
0
0
0
0
0
0
0
0
0
0
0
58.8798
41.1195
0
0
0
0
0
0
0
0
0
0
0
0
0
0
0
0
0
0
0
0
0
0
0
0
0
0
0
0
0
0
0
0
0
0
0
0
0
0
0
0
0
0
0
0
0
0
0
0
0
0
0
0
0
0
0
0
0
0
0
0
0
0
0
0.516409
0
0
0
0
0
0
0
0
0
0
0
0
0
0
0
0
0
0.000965251
0.119691
0.0820463
0.179537
0.030888
0.00772201
0.000965251
0
0
0
0
0
0
0
0.0135135
0.0482625
0
0
0
0
0
0
0
0
0
0
0.00675676
0.000965251
0.0019305
0.000965251
0.003861
0.00579151
0.0019305
0.00772201
0.003861
0.011583
0.0279923
0.0559846
0.0955598
0.100386
0.133205
0.103282
0.0907336
0.0849421
0.0550193
0.0530888
0.0926641
0.0569498
0.00482625
0
0
0
0
0
0
0
0
0
0
0
0
0.00965251
0.00482625
0.00482625
0.00965251
0.011583
0.0279923
0.0820463
0.168919
0.185328
0.166988
0.111969
0.124517
0.0617761
0.0222008
0.00772201
0
0
0
0
0
0
