2.25904
2.48494
1.58133
1.12952
0.828313
0.527108
0.677711
0.527108
0.376506
0
0.527108
0.753012
1.73193
3.23795
2.86145
3.38855
7.98193
4.74397
6.1747
7.53012
8.20783
7.75602
4.96988
3.61446
4.81928
3.53916
0.828313
0.301205
0.150602
0.225904
0.150602
0.451807
0.677711
1.35542
0.753012
0.978916
0.451807
0.677711
0.753012
0.828313
0.753012
1.73193
2.56024
2.10843
2.10843
0.0753012
0.150602
0.0753012
0
0.0753012
0.150602
0.150602
0.0753012
0.150602
0.0753012
0.0753012
0.150602
0.301205
0.451807
0.60241
2.40964
5.19578
5.04518
5.64759
7.15361
8.50903
8.81024
9.11144
8.13253
7.98193
6.85241
4.59337
4.36747
7.07831
3.46385
0.376506
0.225904
0.0753012
0.527108
0.451807
0.451807
0.0753012
0.0753012
0.376506
0.0753012
0
0.150602
0.150602
0
0.150602
0
0
0
0
0
0
0
0
0
0
0
0
0
0
0
0
0.0753012
0.828313
2.25904
2.78614
0.0753012
0.0753012
0.376506
0.903615
3.38855
3.76506
7.07831
6.25
6.6265
5.64759
6.4006
4.36747
6.4006
6.02409
6.02409
4.81928
4.44277
3.76506
3.46385
1.73193
1.58133
0.677711
1.43072
2.03313
6.77711
0
0
0
0
0
0
0
0
0
0
0
0
0
0
0
0
0
0
0
0
0
0
0
0
0
0
0
0
0
0
0
0
0
0
0
0
0
0
0
0
0
0
0
0
0
0
0
0
0
0
0
0
0
0
0
0
0
0
0
0
0
0
0
0
0
0
0
0
0
0
0
0
0
0
0
0
0
0
0
0
0
0
0
0
0
0
0
0
0
0
0
0
0
0
0
0
0
0
0
0
0
0
0
0
0
0
0
0
44.6954
55.305
0
0
0
0
0
0
0
0
0
0
0
0
0
0
0
0
0
0
0
0
0
0
0
0
0
0
0
0
0
0
0
0
0
0
0
0
0
0
0
0
0
0
0
0
0
0
0
0
0
0
0
0
0
0
0
0
0
0
0
0
0
0
0
0.425884
0.0218209
0
0
0.0346125
0.227239
0.00451467
0.00451467
0.00150489
0.0120391
0.0210685
0.0180587
0.0112867
0.00300978
0.00225734
0.000752445
0
0
0.00150489
0.145222
0.03386
0.000752445
0
0
0
0
0
0
0
0
0
0
0.00225734
0.0278405
0
0
0
0
0
0
0
0
0.000752445
0.00150489
0.000752445
0.000752445
0.000752445
0.00300978
0.00376223
0.00677201
0.00451467
0.00752445
0.0120391
0.0195636
0.027088
0.0451467
0.0880361
0.120391
0.158014
0.106095
0.121144
0.103085
0.048909
0.0346125
0.0519187
0.027088
0.00677201
0
0
0
0
0
0
0
0
0
0
0
0
0.0150489
0.171558
0.0925508
0.0195636
0.0158014
0.0255831
0.0564334
0.0677201
0.170053
0.139955
0.120391
0.0797592
0.0218209
0.00376223
0
0
0
0
0
0
0
