2.13592
2.03883
1.26214
1.5534
0.582524
0.38835
0.0970874
0
0
0
0
0.0970874
0.776699
1.35922
2.42718
3.8835
5.63107
8.05825
8.83495
12.233
8.25243
6.69903
4.95146
4.66019
3.68932
1.74757
0.873786
0.38835
0
0
0
0
0
0
0
0
0
0.291262
0.582524
2.23301
2.03883
2.3301
3.30097
4.17476
2.52427
0
0
0
0
0.0970874
0
0.38835
0.38835
0.582524
0.776699
0.38835
0.485437
0.582524
0.582524
0.776699
2.62136
4.17476
6.8932
7.86408
8.15534
8.93203
9.02912
8.73786
7.28155
6.79612
6.50485
6.60194
4.85437
1.5534
2.52427
0.291262
0.485437
0.291262
0.38835
0.291262
0
0.485437
0.291262
0
0
0
0
0
0
0
0
0
0
0
0
0
0
0
0
0
0
0
0
0
0
0
0.0970874
1.06796
1.35922
2.42718
1.16505
0.485437
0.291262
1.94175
5.43689
7.57282
5.14563
4.66019
5.43689
5.24272
6.50485
5.43689
6.60194
5.92233
5.82524
4.07767
3.78641
3.59223
3.30097
2.3301
2.52427
3.39806
3.00971
1.26214
0.194175
0
0
0
0
0
0
0
0
0
0
0
0
0
0
0
0
0
0
0
0
0
0
0
0
0
0
0
0
0
0
0
0
0
0
0
0
0
0
0
0
0
0
0
0
0
0
0
0
0
0
0
0
0
0
0
0
0
0
0
0
0
0
0
0
0
0
0
0
0
0
0
0
0
0
0
0
0
0
0
0
0
0
0
0
0
0
0
0
0
0
0
0
0
0
0
0
0
0
0
0
0
0
0
0
0
0
0
0
25.9941
74.0054
0
0
0
0
0
0
0
0
0
0
0
0
0
0
0
0
0
0
0
0
0
0
0
0
0
0
0
0
0
0
0
0
0
0
0
0
0
0
0
0
0
0
0
0
0
0
0
0
0
0
0
0
0
0
0
0
0
0
0
0
0
0
0
0.476237
0
0
0
0
0
0
0
0
0
0
0
0
0
0
0
0
0
0.00193986
0.381183
0.0727449
0.00678952
0.00387973
0.000969932
0.000969932
0
0
0
0
0
0
0
0.0116392
0.0436469
0
0
0
0
0
0
0
0
0
0.00484966
0.00678952
0.00484966
0.0029098
0.00387973
0.00387973
0.0029098
0.00581959
0.00581959
0.00484966
0.00678952
0.00775946
0.0106693
0.0252182
0.0543162
0.0678952
0.0960233
0.131911
0.104753
0.099903
0.0727449
0.129971
0.129971
0.0155189
0
0
0
0
0
0
0
0
0
0
0
0
0.0155189
0.00969932
0.00775946
0.0106693
0.014549
0.0116392
0.028128
0.129971
0.256062
0.182347
0.164888
0.0950533
0.0659554
0.00775946
0
0
0
0
0
0
0
