1.03448
0.689655
0.431035
0.603448
0.775862
2.06897
1.2931
1.03448
1.81035
2.93103
2.67241
3.36207
1.98276
1.72414
1.63793
3.18966
2.84483
4.39655
3.01724
2.84483
3.53448
4.31035
5.43104
2.75862
3.18966
4.74138
3.87931
2.41379
3.36207
2.41379
2.5
1.98276
1.2069
1.46552
1.2069
1.2069
1.72414
1.55172
1.72414
1.81035
1.46552
1.12069
1.37931
1.89655
1.46552
1.12069
1.03448
0.862069
0.431035
0.517241
0.344828
0.258621
0.258621
0.0862069
0.344828
0.0862069
0.258621
0.0862069
0.0862069
0.0862069
0.0862069
0.172414
3.18966
7.24138
10.431
8.18966
5.34483
5.34483
5.25862
8.7931
13.362
12.6724
9.48275
0.258621
0.172414
0.0862069
0
0.0862069
0.172414
0.0862069
0.344828
0.258621
0.0862069
0.258621
0.258621
0.258621
0.258621
0.344828
0.603448
1.12069
0
0
0
0
0
0
0
0
0
0
0
0
0
0
0
0
0
1.03448
1.2931
1.2931
0.603448
0.344828
0.344828
1.2931
2.5
2.75862
6.98276
6.63793
3.7931
4.31035
4.31035
4.74138
3.7931
3.53448
3.01724
2.93103
4.22414
3.44828
2.93103
2.75862
3.87931
5.34483
6.2069
8.10345
7.67241
0
0
0
0
0
0
0
0
0
0
0
0
0
0
0
0
0
0
0
0
0
0
0
0
0
0
0
0
0
0
0
0
0
0
0
0
0
0
0
0
0
0
0
0
0
0
0
0
0
0
0
0
0
0
0
0
0
0
0
0
0
0
0
0
0
0
0
0
0
0
0
0
0
0
0
0
0
0
0
0
0
0
0
0
0
0
0
0
0
0
0
0
0
0
0
0
0
0
0
0
0
0
0
0
0
0
0
0
48.4063
51.5932
0
0
0
0
0
0
0
0
0
0
0
0
0
0
0
0
0
0
0
0
0
0
0
0
0
0
0
0
0
0
0
0
0
0
0
0
0
0
0
0
0
0
0
0
0
0
0
0
0
0
0
0
0
0
0
0
0
0
0
0
0
0
0
0.573643
0.0275624
0
0
0.0215332
0.0749354
0
0.00775194
0.00861326
0.0103359
0.00775194
0.00602929
0.00172265
0
0
0
0
0
0
0
0.039621
0.124031
0.0361757
0.00344531
0.00172265
0
0
0
0
0
0
0
0.0111972
0.0439276
0
0
0
0
0
0
0
0
0
0
0
0.00172265
0.00344531
0.0137812
0.00947459
0.0146425
0.0146425
0.0206718
0.0301464
0.0516796
0.047373
0.0559862
0.0766581
0.0878553
0.140396
0.11714
0.0887166
0.0706288
0.047373
0.0465116
0.0413437
0.0129199
0.00689061
0
0
0
0
0
0
0
0
0
0
0
0
0.0103359
0.0628768
0.0611542
0.0318691
0.0275624
0.0783807
0.0732128
0.0930233
0.131783
0.152455
0.0947459
0.105082
0.0534022
0.0146425
0.00689061
0.00172265
0.000861326
0
0
0
0
