2.13493
2.64731
1.28096
1.02477
0.0853971
0
0.0853971
0
0.0853971
0.341588
0.853971
1.62255
1.53715
2.39112
2.30572
7.34415
6.49018
7.08796
8.28352
7.25876
5.63621
3.33049
3.24509
3.58668
3.67207
4.26985
3.15969
2.9035
1.70794
1.70794
0.768574
0.768574
0.683177
0.170794
0.170794
0
0
0.0853971
0.256191
0.256191
1.02477
1.70794
2.73271
3.15969
2.22032
0
0
0
0.0853971
0.0853971
0
0.170794
0.170794
0.341588
0.0853971
0.0853971
0.512383
0.341588
0.256191
2.47652
4.01366
5.46542
6.49018
6.49018
7.25876
6.40478
5.38002
6.40478
6.74637
6.49018
7.68574
7.00257
4.95303
4.44065
5.55081
1.36635
0.256191
0.512383
0.256191
0.59778
0.512383
0.341588
0.256191
0.256191
0
0.170794
0.0853971
0.0853971
0
0
0
0
0
0
0
0
0
0
0
0
0
0
0
0
0
0
0.341588
0.512383
1.62255
0.59778
0
0.256191
0
1.11016
2.9035
6.83177
4.69684
5.20922
4.69684
4.69684
4.52605
4.35525
4.35525
4.26985
3.58668
4.61144
3.75747
3.84287
3.92826
3.24509
3.41588
4.35525
5.38002
6.57558
6.40478
0
0
0
0
0
0
0
0
0
0
0
0
0
0
0
0
0
0
0
0
0
0
0
0
0
0
0
0
0
0
0
0
0
0
0
0
0
0
0
0
0
0
0
0
0
0
0
0
0
0
0
0
0
0
0
0
0
0
0
0
0
0
0
0
0
0
0
0
0
0
0
0
0
0
0
0
0
0
0
0
0
0
0
0
0
0
0
0
0
0
0
0
0
0
0
0
0
0
0
0
0
0
0
0
0
0
0
0
47.44
52.5594
0
0
0
0
0
0
0
0
0
0
0
0
0
0
0
0
0
0
0
0
0
0
0
0
0
0
0
0
0
0
0
0
0
0
0
0
0
0
0
0
0
0
0
0
0
0
0
0
0
0
0
0
0
0
0
0
0
0
0
0
0
0
0
0.526451
0.00511945
0
0
0.0426621
0.0981229
0
0
0
0
0
0
0
0
0.000853242
0.000853242
0
0
0.00511945
0.210751
0.0682594
0.00511945
0.000853242
0.00255973
0
0
0
0
0
0
0
0
0.00853242
0.024744
0
0
0
0
0
0
0
0
0
0
0.00767918
0.00767918
0.00682594
0.00853242
0.0059727
0.00341297
0.00938567
0.00426621
0.0153584
0.0196246
0.0418089
0.0648464
0.0605802
0.113481
0.194539
0.0921502
0.0981229
0.0750853
0.0273038
0.0435154
0.0656997
0.0298635
0.00426621
0
0
0
0
0
0
0
0
0
0
0
0
0.0187713
0.0964164
0.0665529
0.0196246
0.024744
0.0537543
0.0802048
0.102389
0.223549
0.156143
0.0665529
0.0802048
0.00938567
0.000853242
0.000853242
0
0
0
0
0
0
