2.1904
1.68492
2.27464
2.27464
0.758214
0.336984
0.084246
0.084246
0
0
0
1.51643
1.85341
2.1904
3.28559
5.47599
6.14996
6.99242
7.16091
6.82393
6.73968
4.12805
3.28559
3.36984
2.27464
3.70682
2.0219
2.1904
1.93766
2.27464
2.0219
0.42123
0.084246
0
0
0
0.336984
0.926706
1.17944
1.17944
2.0219
2.1904
2.10615
2.78012
1.76917
0
0
0.168492
0
0.252738
0.336984
0
0.336984
0.168492
0.505476
0.084246
0.336984
0.168492
0.252738
0.084246
0.252738
2.52738
7.24516
8.67734
5.64448
6.4027
7.75064
5.98147
6.57119
6.90818
7.32941
10.6992
9.26706
8.84583
0.589722
0.252738
0.168492
0.084246
0.168492
0.084246
0.084246
0.168492
0.084246
0.42123
0.252738
0.168492
0.42123
0.252738
0
0.084246
0
0
0
0
0
0
0
0
0
0
0
0
0
0
0
0
0.252738
0
0.252738
1.60067
0.252738
0.589722
0.42123
2.35889
4.04381
3.70682
4.29655
3.62258
3.95956
5.13901
3.53833
3.70682
3.95956
5.39175
5.05476
4.88627
4.80202
5.3075
4.63353
5.47599
5.3075
5.56024
4.80202
3.79107
3.36984
0
0
0
0
0
0
0
0
0
0
0
0
0
0
0
0
0
0
0
0
0
0
0
0
0
0
0
0
0
0
0
0
0
0
0
0
0
0
0
0
0
0
0
0
0
0
0
0
0
0
0
0
0
0
0
0
0
0
0
0
0
0
0
0
0
0
0
0
0
0
0
0
0
0
0
0
0
0
0
0
0
0
0
0
0
0
0
0
0
0
0
0
0
0
0
0
0
0
0
0
0
0
0
0
0
0
0
0
47.5589
52.4411
0
0
0
0
0
0
0
0
0
0
0
0
0
0
0
0
0
0
0
0
0
0
0
0
0
0
0
0
0
0
0
0
0
0
0
0
0
0
0
0
0
0
0
0
0
0
0
0
0
0
0
0
0
0
0
0
0
0
0
0
0
0
0
0.34596
0.016835
0
0
0.0395623
0.151515
0.00925926
0.00505051
0.00757576
0.00841751
0.0151515
0.026936
0.193603
0.0193603
0.00757576
0.00252525
0
0.000841751
0.0109428
0.114478
0.00925926
0.000841751
0
0
0
0
0
0
0
0
0
0
0
0.0143098
0
0
0
0
0
0
0
0
0.000841751
0
0.000841751
0.0016835
0.00420875
0.00589226
0.00673401
0.0117845
0.0311448
0.0345118
0.0294613
0.0698653
0.0740741
0.0707071
0.0850168
0.106902
0.0959596
0.0765993
0.0984849
0.0698653
0.0462963
0.0286195
0.0319865
0.0151515
0.003367
0
0
0
0
0
0
0
0
0
0
0
0
0.0193603
0.116162
0.106061
0.0732323
0.0959596
0.0993266
0.127104
0.0850168
0.0648148
0.0673401
0.0673401
0.0378788
0.0277778
0.00673401
0.00589226
0
0
0
0
0
0
