2.52918
1.55642
0.0972763
0.194553
0
0
0
0
0
0
0
0
0
0.680934
1.36187
4.76654
9.63035
9.63035
13.035
11.0895
7.10116
5.35019
5.83657
5.05836
6.42023
2.82101
1.55642
0.291829
0.291829
0.291829
0
0.194553
0
0
0
0
0
0
0
0
0
0.0972763
2.72373
4.96109
2.52918
0
0
0
0
0
0.0972763
0
0.0972763
0.194553
0.486381
0.291829
0.583658
2.0428
2.52918
3.30739
4.18288
4.66926
5.25292
4.28015
6.03113
6.61478
6.42023
5.64202
6.51751
5.64202
6.03113
4.76654
4.86381
3.30739
4.37743
2.62646
2.62646
3.59922
1.45914
0.486381
0.583658
0
0.291829
0.194553
0
0
0
0
0
0
0
0
0
0
0
0
0
0
0
0
0
0
0
0.0972763
0.0972763
1.36187
1.55642
0.680934
0.77821
0.389105
0.0972763
0
0.0972763
0.486381
1.45914
5.25292
12.1595
5.54474
3.30739
5.54474
3.59922
5.54474
4.37743
4.76654
4.47471
5.15564
4.28015
4.47471
3.59922
4.66926
3.30739
3.30739
3.79377
3.98833
1.84825
0
0
0
0
0
0
0
0
0
0
0
0
0
0
0
0
0
0
0
0
0
0
0
0
0
0
0
0
0
0
0
0
0
0
0
0
0
0
0
0
0
0
0
0
0
0
0
0
0
0
0
0
0
0
0
0
0
0
0
0
0
0
0
0
0
0
0
0
0
0
0
0
0
0
0
0
0
0
0
0
0
0
0
0
0
0
0
0
0
0
0
0
0
0
0
0
0
0
0
0
0
0
0
0
0
0
0
0
75.7051
24.2954
0
0
0
0
0
0
0
0
0
0
0
0
0
0
0
0
0
0
0
0
0
0
0
0
0
0
0
0
0
0
0
0
0
0
0
0
0
0
0
0
0
0
0
0
0
0
0
0
0
0
0
0
0
0
0
0
0
0
0
0
0
0
0
0.324587
0
0
0
0
0
0
0
0
0
0
0
0
0
0
0
0
0
0.00777454
0.495627
0.101069
0.00971817
0.00194363
0.000971817
0
0
0
0
0
0
0
0
0.0155491
0.04276
0
0
0
0
0
0
0
0
0.000971817
0.00485909
0.00291545
0.00291545
0.00388727
0.00388727
0.00777454
0.00388727
0.0136054
0.0058309
0.00680272
0.00680272
0.01069
0.01069
0.0184645
0.0252672
0.0447036
0.0971817
0.126336
0.0806608
0.101069
0.103013
0.14966
0.14966
0.0184645
0
0
0
0
0
0
0
0
0
0
0
0
0.0136054
0.0165209
0.0184645
0.0165209
0.0136054
0.0272109
0.0301263
0.120505
0.231293
0.232264
0.152575
0.068999
0.047619
0.00971817
0.000971817
0
0
0
0
0
0
