0.841121
1.30841
1.21495
0.654206
0.747664
0.46729
0.186916
0.186916
0.280374
0
0
0
0
0.186916
3.45794
7.47664
8.13085
9.53272
9.25235
9.8131
7.19627
7.00935
5.88786
6.16823
4.57944
3.92523
1.58879
0.560748
0.0934579
0
0
0
0
0
0
0
0
0
0
0.0934579
0.934579
2.05607
3.27103
2.33645
0.654206
0.0934579
0.280374
0.280374
0.0934579
0.280374
0.560748
0.46729
0.186916
0
0.280374
0.560748
0.934579
1.1215
2.24299
3.73832
3.73832
5.04673
4.95327
7.38319
4.48598
4.6729
5.51402
4.76636
4.85982
4.95327
4.95327
4.57944
4.57944
4.11215
4.57944
3.27103
3.83178
2.14953
1.21495
0.46729
0.654206
0.934579
0.280374
0.280374
0.186916
0.186916
0.747664
0.747664
0.46729
0.373832
0
0
0
0
0
0
0
0
0
0
0
0
0.0934579
0.46729
0.747664
2.8972
2.14953
1.86916
0.934579
1.1215
0.934579
0.280374
0.280374
0.654206
1.49533
1.96262
2.42991
4.48598
9.8131
8.50468
3.73832
4.57944
3.92523
3.73832
4.01869
4.20561
3.45794
4.95327
6.16823
4.76636
6.35515
4.01869
2.99065
1.40187
0.654206
0
0
0
0
0
0
0
0
0
0
0
0
0
0
0
0
0
0
0
0
0
0
0
0
0
0
0
0
0
0
0
0
0
0
0
0
0
0
0
0
0
0
0
0
0
0
0
0
0
0
0
0
0
0
0
0
0
0
0
0
0
0
0
0
0
0
0
0
0
0
0
0
0
0
0
0
0
0
0
0
0
0
0
0
0
0
0
0
0
0
0
0
0
0
0
0
0
0
0
0
0
0
0
0
0
0
0
0
44.4446
55.5559
0
0
0
0
0
0
0
0
0
0
0
0
0
0
0
0
0
0
0
0
0
0
0
0
0
0
0
0
0
0
0
0
0
0
0
0
0
0
0
0
0
0
0
0
0
0
0
0
0
0
0
0
0
0
0
0
0
0
0
0
0
0
0
0.167134
0.00560224
0
0
0.00186741
0
0
0.00186741
0
0.00186741
0.000933707
0.0261438
0.187675
0.0532213
0.0102708
0
0
0.000933707
0.00653595
0.429505
0.0849673
0.00186741
0.00186741
0.000933707
0
0
0
0
0
0
0
0
0.00186741
0.0149393
0
0
0
0
0
0
0
0
0
0.00186741
0.00933707
0.00653595
0.00373483
0.00466853
0.00840336
0.0102708
0.00840336
0.00560224
0.0130719
0.0149393
0.0242764
0.0270775
0.0438842
0.0588235
0.0504202
0.0718954
0.085901
0.076564
0.0784314
0.12605
0.144725
0.105509
0.0196078
0
0
0
0
0
0
0
0
0
0
0
0
0.0186741
0.015873
0.022409
0.0242764
0.0326797
0.0756303
0.10831
0.174603
0.204482
0.148459
0.0868347
0.038282
0.0326797
0.00746965
0.00840336
0.000933707
0
0
0
0
0
