3.9356
0.9839
0.178891
0
0.0894454
0
0
0
0
0.178891
0.536673
0.626118
1.16279
0.536673
1.9678
2.50447
6.08229
7.42398
7.96065
10.5546
9.30233
8.13954
5.36673
4.11449
3.22004
2.50447
1.69946
0.715564
0.9839
0.0894454
0.536673
0.178891
0.536673
0.626118
0.447227
0.0894454
0.0894454
0.0894454
0
0.626118
0.536673
1.34168
2.86225
5.54562
5.72451
0
0
0
0
0
0
0
0.0894454
0.0894454
0.268336
0.0894454
0
0.0894454
0.357782
2.05725
2.9517
3.84615
5.27728
6.97675
8.76566
8.67621
10.644
8.76566
7.69231
7.15564
6.35063
5.63506
4.29338
2.9517
2.32558
3.48837
0.447227
0.357782
0.0894454
0.268336
0
0
0
0.0894454
0
0
0
0
0
0
0
0
0
0
0
0
0
0
0
0
0
0
0
0
0
0
0.357782
0.268336
0.178891
0.268336
0.357782
0.536673
0.357782
2.50447
6.08229
7.96065
5.18784
4.9195
6.26118
5.45617
5.00894
5.81396
6.17174
5.00894
4.56172
4.02504
4.47227
3.39893
3.13059
3.04114
3.30948
2.77281
3.04114
3.22004
2.41503
0
0
0
0
0
0
0
0
0
0
0
0
0
0
0
0
0
0
0
0
0
0
0
0
0
0
0
0
0
0
0
0
0
0
0
0
0
0
0
0
0
0
0
0
0
0
0
0
0
0
0
0
0
0
0
0
0
0
0
0
0
0
0
0
0
0
0
0
0
0
0
0
0
0
0
0
0
0
0
0
0
0
0
0
0
0
0
0
0
0
0
0
0
0
0
0
0
0
0
0
0
0
0
0
0
0
0
0
53.4409
46.5596
0
0
0
0
0
0
0
0
0
0
0
0
0
0
0
0
0
0
0
0
0
0
0
0
0
0
0
0
0
0
0
0
0
0
0
0
0
0
0
0
0
0
0
0
0
0
0
0
0
0
0
0
0
0
0
0
0
0
0
0
0
0
0
0.393208
0
0
0
0
0
0
0
0
0
0
0
0
0
0
0
0
0
0.00446828
0.4084
0.138517
0.0116175
0.00178731
0.000893655
0.000893655
0
0
0
0
0
0
0.000893655
0.0107239
0.028597
0
0
0
0
0
0
0
0
0.00178731
0.00178731
0.00536193
0.0080429
0.00536193
0.00625559
0.000893655
0.00893655
0.00625559
0.0151921
0.0294906
0.0125112
0.0196604
0.0142985
0.0348525
0.0384272
0.0634495
0.0884719
0.127793
0.115281
0.0866845
0.0822163
0.116175
0.0965147
0.0142985
0
0
0
0
0
0
0
0
0
0
0
0
0.0187668
0.0151921
0.0151921
0.0205541
0.0616622
0.0956211
0.0625559
0.0652368
0.142091
0.20286
0.140304
0.0831099
0.0598749
0.0142985
0.00268097
0
0
0
0
0
0
