2.6178
1.39616
0.8726
0.26178
0.08726
0.69808
0.17452
0
0
0.17452
1.13438
1.39616
1.48342
3.31588
2.87958
3.4904
6.98081
5.75917
5.84643
7.41711
5.49739
5.2356
3.9267
4.363
4.18848
3.40314
1.91972
1.83246
1.04712
0.61082
0.17452
0.34904
0.69808
2.35602
0.95986
1.22164
1.3089
0.61082
0.52356
0.52356
0.69808
1.48342
2.79232
4.62478
3.75218
0.08726
0
0.17452
0.17452
0.08726
0.34904
0
0.08726
0
0.17452
0.08726
0.26178
0.52356
0
0.34904
0.34904
4.71204
5.84643
7.15533
9.8604
9.59862
8.02793
9.07506
8.98779
7.76615
6.45725
6.45725
6.45725
5.49739
0.08726
0.17452
0.17452
0.08726
0.08726
0.08726
0.08726
0.08726
0.17452
0.17452
0
0.08726
0.17452
0
0
0
0
0
0
0
0
0
0
0
0
0
0
0
0
0
0
0
0
0
1.13438
0.26178
0
0.08726
0
1.48342
4.18848
3.22862
4.10122
2.87958
3.22862
4.7993
5.75917
5.2356
5.58465
6.19547
6.10821
5.67191
6.45725
6.19547
4.88656
4.18848
3.40314
3.66492
2.96684
3.4904
4.88656
0
0
0
0
0
0
0
0
0
0
0
0
0
0
0
0
0
0
0
0
0
0
0
0
0
0
0
0
0
0
0
0
0
0
0
0
0
0
0
0
0
0
0
0
0
0
0
0
0
0
0
0
0
0
0
0
0
0
0
0
0
0
0
0
0
0
0
0
0
0
0
0
0
0
0
0
0
0
0
0
0
0
0
0
0
0
0
0
0
0
0
0
0
0
0
0
0
0
0
0
0
0
0
0
0
0
0
0
48.4746
51.5261
0
0
0
0
0
0
0
0
0
0
0
0
0
0
0
0
0
0
0
0
0
0
0
0
0
0
0
0
0
0
0
0
0
0
0
0
0
0
0
0
0
0
0
0
0
0
0
0
0
0
0
0
0
0
0
0
0
0
0
0
0
0
0
0.239756
0.0191805
0
0.00174368
0.0915432
0.219704
0.00261552
0.00959024
0.0043592
0.00610288
0.0305144
0.100262
0.102005
0.00784656
0.00261552
0
0
0
0.00087184
0.102877
0.0496949
0.00174368
0
0
0
0
0
0
0
0
0
0
0.00087184
0.00610288
0
0
0
0
0
0
0
0
0
0.00261552
0.00174368
0.00174368
0.00174368
0.00348736
0.00348736
0.0113339
0.00959024
0.0139494
0.0191805
0.0331299
0.0444638
0.0836966
0.117698
0.129032
0.0993897
0.0897995
0.0836966
0.0767219
0.0505667
0.0514385
0.0348736
0.0348736
0.00174368
0
0
0
0
0
0
0
0
0
0
0
0
0.0191805
0.202267
0.104621
0.0418483
0.0340017
0.0610288
0.0863121
0.101133
0.0967742
0.0767219
0.0714908
0.0418483
0.0348736
0.0200523
0.00523104
0.00174368
0.00087184
0
0
0
0
