3.5533
2.11506
1.01523
0.846024
1.43824
1.09983
0.507614
0.676819
0.253807
0.169205
0.169205
0.338409
0.761421
1.35364
2.70728
4.56853
6.76819
8.03722
4.82233
4.65313
5.66836
5.66836
4.14552
3.21489
3.21489
2.87648
0.930626
1.18443
0.761421
0.253807
0.338409
0.169205
0.253807
0
0.169205
0.338409
0.423012
0.761421
0.761421
2.53807
3.97631
4.31472
4.99154
3.80711
3.4687
0.0846024
0.0846024
0.0846024
0.253807
0.0846024
0.507614
0.169205
0.169205
0.253807
0.0846024
0.338409
0.423012
0.0846024
0
0.169205
0.169205
0.169205
0.169205
0.253807
6.00677
20.7276
14.2978
14.1286
14.467
15.4822
8.62944
0.253807
0.0846024
0.169205
0.253807
0.169205
0
0.169205
0
0.253807
0.338409
0.169205
0.169205
0.169205
0
0.169205
0.253807
0.0846024
0
0.0846024
0
0
0
0
0
0
0
0
0
0
0
0
0
0
0
0
0
0
0
0.592217
1.35364
1.26904
1.09983
4.14552
5.49915
5.75296
5.83756
4.73773
4.48393
4.14552
3.04569
5.16074
5.07614
5.24535
3.97631
4.31472
5.58376
5.66836
5.24535
4.23012
2.87648
2.79188
3.13029
2.62267
2.19966
0
0
0
0
0
0
0
0
0
0
0
0
0
0
0
0
0
0
0
0
0
0
0
0
0
0
0
0
0
0
0
0
0
0
0
0
0
0
0
0
0
0
0
0
0
0
0
0
0
0
0
0
0
0
0
0
0
0
0
0
0
0
0
0
0
0
0
0
0
0
0
0
0
0
0
0
0
0
0
0
0
0
0
0
0
0
0
0
0
0
0
0
0
0
0
0
0
0
0
0
0
0
0
0
0
0
0
0
55.7903
44.2097
0
0
0
0
0
0
0
0
0
0
0
0
0
0
0
0
0
0
0
0
0
0
0
0
0
0
0
0
0
0
0
0
0
0
0
0
0
0
0
0
0
0
0
0
0
0
0
0
0
0
0
0
0
0
0
0
0
0
0
0
0
0
0
0.41082
0.0185968
0
0
0.0786137
0.150465
0
0.00338123
0.00591716
0.0101437
0.0278952
0.0710059
0.138631
0.00591716
0.00253593
0
0
0
0.000845309
0.0346576
0.0295858
0.00422654
0
0
0
0
0
0
0
0
0
0
0
0.00676247
0
0
0
0
0
0
0
0
0.00169062
0.00169062
0
0.00169062
0.000845309
0
0.00169062
0.00507185
0.00676247
0.00422654
0.0143702
0.0245139
0.043956
0.0786137
0.114962
0.174134
0.121724
0.0980558
0.102282
0.0667794
0.0532544
0.0397295
0.0270499
0.0143702
0.00253593
0
0
0
0
0
0
0
0
0
0
0
0
0.0135249
0.109045
0.111581
0.0304311
0.0236686
0.0701606
0.100592
0.142857
0.103128
0.090448
0.0946746
0.0498732
0.0397295
0.0160609
0.00253593
0.000845309
0.000845309
0
0
0
0
