3.67647
1.96078
1.71569
1.06209
0.490196
0
0.0816993
0.0816993
0
0.0816993
0.408497
1.47059
1.30719
0.980392
2.94118
8.16994
6.53595
6.69935
6.12745
5.88235
3.26797
2.94118
3.59477
3.59477
5.06536
4.73856
3.75817
3.10458
2.53268
1.47059
1.87909
1.79739
2.28758
0.816994
0.326797
0
0.0816993
0
0.245098
0.571895
0.735294
0.735294
0.898693
3.43137
2.53268
0
0.0816993
0.163399
0.0816993
0.0816993
0
0.0816993
0.163399
0.326797
0.0816993
0.245098
0.245098
0.163399
0.735294
1.38889
3.26797
5.06536
5.14706
6.69935
6.37255
6.78105
7.67974
7.84314
8.00654
9.55883
7.35294
7.18954
3.75817
3.59477
4.65686
1.63399
0.245098
0.163399
0.163399
0.245098
0.326797
0.0816993
0.245098
0
0.163399
0
0
0
0
0
0
0
0
0
0
0
0
0
0
0
0
0
0
0
0
0
0.0816993
0.653595
0
0
0
0
0.163399
0.816994
3.75817
3.75817
4.08497
4.41177
4.90196
3.18628
2.94118
4.82026
3.43137
4.49346
4.00327
4.90196
3.83987
4.82026
5.31046
3.59477
4.08497
4.57516
6.86275
6.45425
10.1307
0
0
0
0
0
0
0
0
0
0
0
0
0
0
0
0
0
0
0
0
0
0
0
0
0
0
0
0
0
0
0
0
0
0
0
0
0
0
0
0
0
0
0
0
0
0
0
0
0
0
0
0
0
0
0
0
0
0
0
0
0
0
0
0
0
0
0
0
0
0
0
0
0
0
0
0
0
0
0
0
0
0
0
0
0
0
0
0
0
0
0
0
0
0
0
0
0
0
0
0
0
0
0
0
0
0
0
0
50.4494
49.5514
0
0
0
0
0
0
0
0
0
0
0
0
0
0
0
0
0
0
0
0
0
0
0
0
0
0
0
0
0
0
0
0
0
0
0
0
0
0
0
0
0
0
0
0
0
0
0
0
0
0
0
0
0
0
0
0
0
0
0
0
0
0
0
0.630204
0.00571429
0
0
0.0342857
0.0897959
0
0
0
0
0
0
0
0
0
0
0
0
0.000816327
0.114286
0.0644898
0.00816326
0.00326531
0.000816327
0
0
0
0
0
0
0
0
0.0122449
0.0359184
0
0
0
0
0
0
0
0
0.000816327
0.00163265
0.00326531
0.00489796
0.00163265
0.00163265
0.00489796
0.00734694
0.00571429
0.00653061
0.00816326
0.0163265
0.0261224
0.0383673
0.084898
0.107755
0.192653
0.140408
0.112653
0.0889796
0.0342857
0.0367347
0.0432653
0.0269388
0.00408163
0
0
0
0
0
0
0
0
0
0
0
0
0.0122449
0.0734694
0.0579592
0.0187755
0.0146939
0.0220408
0.0440816
0.123265
0.197551
0.200816
0.106939
0.102857
0.0220408
0.00326531
0
0
0
0
0
0
0
