0.867052
1.34875
1.34875
0.674374
0.192678
0.0963391
0.192678
0.0963391
0.481696
0.289017
0.578035
1.44509
2.50482
1.44509
2.11946
6.26205
5.78035
7.32178
9.05588
8.09249
5.97303
5.68401
7.32178
6.26205
5.68401
3.08285
2.02312
1.83044
0.578035
0.481696
0.674374
0.481696
0.289017
0.481696
0.385356
0
0.0963391
0.0963391
0
0
0.192678
2.50482
2.98651
1.7341
1.05973
0
0
0.0963391
0.0963391
0.289017
0.481696
0.192678
0.385356
0.578035
0.770713
0
0.192678
1.63776
3.56455
4.72062
3.85357
5.39499
5.39499
5.49133
5.58767
5.00964
5.68401
3.46821
3.56455
4.04625
3.27553
5.29866
5.58767
6.55106
4.23892
3.85357
3.46821
2.31214
0.867052
0.481696
0.867052
0.674374
0.385356
0.192678
0.289017
0.578035
0.192678
0
0.289017
0.192678
0
0
0
0
0
0
0
0
0
0
0
0
0.385356
0.867052
1.34875
0.578035
0.963391
1.83044
0.770713
0.770713
0.578035
0.674374
0.289017
0.867052
0.674374
1.83044
2.31214
5.58767
7.03276
4.72062
5.20232
4.72062
4.52794
4.33526
5.20232
4.81696
5.49133
5.20232
4.81696
4.81696
3.08285
4.14258
5.29866
4.04625
2.31214
0
0
0
0
0
0
0
0
0
0
0
0
0
0
0
0
0
0
0
0
0
0
0
0
0
0
0
0
0
0
0
0
0
0
0
0
0
0
0
0
0
0
0
0
0
0
0
0
0
0
0
0
0
0
0
0
0
0
0
0
0
0
0
0
0
0
0
0
0
0
0
0
0
0
0
0
0
0
0
0
0
0
0
0
0
0
0
0
0
0
0
0
0
0
0
0
0
0
0
0
0
0
0
0
0
0
0
0
34.0713
65.9283
0
0
0
0
0
0
0
0
0
0
0
0
0
0
0
0
0
0
0
0
0
0
0
0
0
0
0
0
0
0
0
0
0
0
0
0
0
0
0
0
0
0
0
0
0
0
0
0
0
0
0
0
0
0
0
0
0
0
0
0
0
0
0
0.129933
0.00481232
0
0
0.000962464
0
0
0.00192493
0.00384986
0.00192493
0.00769971
0.0587103
0.158807
0.0558229
0.0240616
0
0
0
0.00673725
0.410972
0.106833
0.000962464
0
0
0
0
0
0
0
0
0
0
0.00384986
0.0221367
0
0
0
0
0
0
0
0.000962464
0
0
0.012512
0.00192493
0.00481232
0.0192493
0.0202117
0.012512
0.014437
0.0173244
0.0163619
0.0192493
0.0230991
0.0288739
0.0750722
0.0548604
0.0606352
0.0731473
0.0904716
0.0972089
0.0635226
0.0721848
0.109721
0.0981713
0.0134745
0
0
0
0
0
0
0
0
0
0
0
0
0.0182868
0.0317613
0.0413859
0.0404235
0.0635226
0.0981713
0.143407
0.13667
0.143407
0.153032
0.0741097
0.0298364
0.0173244
0.00384986
0.00384986
0.000962464
0
0
0
0
0
