1.83894
1.71211
2.34623
2.15599
2.40964
2.34623
3.48763
4.56563
4.69245
3.42422
4.9461
4.24857
2.91693
1.58529
1.26823
1.71211
1.45847
0.951173
1.52188
1.45847
0.951173
0.82435
0.760938
1.96576
1.39505
2.85352
2.7267
3.74128
4.56563
3.48763
4.56563
4.9461
4.12175
2.59987
1.01458
1.77552
0.507292
0.697527
0.443881
0.570704
0.380469
0.443881
0.697527
1.078
1.90235
0.697527
0.443881
0.190235
0.190235
0.190235
0
0
0
0.0634115
0
0
0.0634115
0.0634115
0.0634115
0
0
0
0
0.0634115
0.0634115
0.126823
24.7306
46.8612
24.2867
0.0634115
0
0.0634115
0.0634115
0
0.0634115
0.0634115
0.0634115
0.0634115
0.0634115
0
0
0
0.126823
0
0
0.0634115
0.0634115
0.126823
0.507292
0.570704
0
0
0
0
0
0
0
0
0
0
0
0
0
0
0
0
0
0
0
0
0
1.96576
0.190235
6.97528
6.27775
6.34116
5.45339
5.38998
6.34116
6.46798
5.38998
4.56563
4.81928
4.43881
3.74128
3.55105
3.8681
3.8681
3.61446
2.7267
2.79011
2.47305
2.53646
2.53646
3.74128
0
0
0
0
0
0
0
0
0
0
0
0
0
0
0
0
0
0
0
0
0
0
0
0
0
0
0
0
0
0
0
0
0
0
0
0
0
0
0
0
0
0
0
0
0
0
0
0
0
0
0
0
0
0
0
0
0
0
0
0
0
0
0
0
0
0
0
0
0
0
0
0
0
0
0
0
0
0
0
0
0
0
0
0
0
0
0
0
0
0
0
0
0
0
0
0
0
0
0
0
0
0
0
0
0
0
0
0
55.2593
44.74
0
0
0
0
0
0
0
0
0
0
0
0
0
0
0
0
0
0
0
0
0
0
0
0
0
0
0
0
0
0
0
0
0
0
0
0
0
0
0
0
0
0
0
0
0
0
0
0
0
0
0
0
0
0
0
0
0
0
0
0
0
0
0
0.52725
0.0120406
0
0
0.0272497
0.125475
0.000633714
0.00190114
0.00316857
0.00380228
0.0101394
0.0525982
0
0
0
0
0
0
0
0.0234474
0.117871
0.0532319
0.00316857
0.00190114
0
0
0
0
0
0
0
0.000633714
0.013308
0.02218
0
0
0
0
0
0
0
0
0
0.000633714
0
0
0.00190114
0.00190114
0.00633714
0.00506971
0.00633714
0.0101394
0.02218
0.0392902
0.0766793
0.102662
0.142586
0.101394
0.0893536
0.0811153
0.0855513
0.0564005
0.0418251
0.0500634
0.0494297
0.0259823
0.00316857
0
0
0
0
0
0
0
0
0
0
0
0
0.00887199
0.0969582
0.0621039
0.0152091
0.026616
0.0646388
0.124208
0.152725
0.109632
0.106464
0.10076
0.0817491
0.0361217
0.0095057
0.00316857
0
0.00126743
0
0
0
0
