2.60814
1.27226
0.699746
1.52672
1.59033
0.763359
0.381679
0
0
0.19084
0
0
0.381679
1.20865
2.92621
3.62595
7.6336
7.76082
8.96947
7.6336
8.96947
7.76082
6.93385
5.2799
1.4631
0.445293
0.318066
0.127226
0.0636132
0
0
0
0
0
0
0.0636132
0.254453
0.699746
1.14504
2.22646
2.48091
2.48091
3.8804
3.62595
2.67175
0.445293
0.381679
0
0.381679
0.0636132
0.19084
0.254453
0.19084
0.127226
0.254453
0.19084
0.19084
0.127226
0
0.254453
0.954198
8.84224
9.79644
9.98728
8.46057
7.6336
8.96947
7.6336
6.67939
6.04326
5.66158
5.08906
4.83461
3.81679
0.318066
0.127226
0.19084
0.0636132
0.0636132
0.318066
0
0.254453
0.254453
0.127226
0.127226
0.19084
0.127226
0.19084
0.127226
0.127226
0
0
0
0
0
0
0
0
0
0
0
0
0
0
0
0
0
0.19084
0.254453
0.508906
1.20865
1.39949
0.954198
3.8804
6.04326
5.47074
5.59797
8.77863
6.87023
5.78881
5.08906
5.47074
4.96183
3.81679
3.75318
3.62595
4.00763
4.3257
3.56234
4.38931
3.94402
2.29008
2.29008
1.33588
0.254453
0
0
0
0
0
0
0
0
0
0
0
0
0
0
0
0
0
0
0
0
0
0
0
0
0
0
0
0
0
0
0
0
0
0
0
0
0
0
0
0
0
0
0
0
0
0
0
0
0
0
0
0
0
0
0
0
0
0
0
0
0
0
0
0
0
0
0
0
0
0
0
0
0
0
0
0
0
0
0
0
0
0
0
0
0
0
0
0
0
0
0
0
0
0
0
0
0
0
0
0
0
0
0
0
0
0
0
0
41.8941
58.105
0
0
0
0
0
0
0
0
0
0
0
0
0
0
0
0
0
0
0
0
0
0
0
0
0
0
0
0
0
0
0
0
0
0
0
0
0
0
0
0
0
0
0
0
0
0
0
0
0
0
0
0
0
0
0
0
0
0
0
0
0
0
0
0.390337
0.00699301
0
0
0.0235219
0.165925
0.00190718
0
0
0
0
0
0.0228862
0.0330578
0.00508582
0.000635728
0
0
0.00635728
0.26637
0.0368722
0.00254291
0.000635728
0
0
0
0
0
0
0
0
0
0.00699301
0.0298792
0
0
0
0
0
0
0
0
0
0.00190718
0.00127146
0.00127146
0.00190718
0.00381437
0.00254291
0.00508582
0.00699301
0.00762873
0.00953592
0.0190718
0.0222505
0.0680229
0.115702
0.136046
0.145582
0.0661157
0.0756516
0.041958
0.0406866
0.0623013
0.0883662
0.0661157
0.0101716
0
0
0
0
0
0
0
0
0
0
0
0
0.0152575
0.138589
0.0667514
0.0127146
0.0108074
0.034965
0.0553083
0.184361
0.260648
0.111252
0.0578512
0.0438652
0.00635728
0.00127146
0
0
0
0
0
0
0
