2.73775
1.44092
0.864553
0.144092
0
0
0
0
0
0
0
0
0
0
2.01729
6.91643
7.78098
6.48415
8.50144
6.91643
8.50144
6.77233
5.6196
4.17868
3.7464
2.01729
1.58501
0.864553
0.144092
0
0
0
0
0
0
0.144092
0
0.144092
0.576369
1.00865
1.58501
3.89049
4.46686
5.6196
5.4755
0
0
0
0
0.144092
0
0
0.288184
0.720461
0.288184
0.432277
0.864553
0.288184
0
0.144092
0.288184
1.00865
4.89914
9.366
8.93372
8.06916
6.77233
5.76369
7.3487
13.977
13.5447
9.94237
3.60231
1.00865
0.144092
0.144092
0.144092
0.144092
0.576369
0
0.144092
0.432277
0
0.288184
0.288184
0.144092
0
0
0
0
0
0
0
0
0
0
0
0
0
0
0
0
0
0
0
0
0
0.288184
0.432277
0.432277
1.29683
1.72911
1.8732
5.33141
5.6196
6.62824
5.76369
5.76369
6.91643
5.04323
4.46686
5.04323
5.04323
5.18732
5.90778
3.7464
4.17868
4.32277
2.01729
3.31412
3.17003
3.02594
2.16138
0.720461
0.720461
0
0
0
0
0
0
0
0
0
0
0
0
0
0
0
0
0
0
0
0
0
0
0
0
0
0
0
0
0
0
0
0
0
0
0
0
0
0
0
0
0
0
0
0
0
0
0
0
0
0
0
0
0
0
0
0
0
0
0
0
0
0
0
0
0
0
0
0
0
0
0
0
0
0
0
0
0
0
0
0
0
0
0
0
0
0
0
0
0
0
0
0
0
0
0
0
0
0
0
0
0
0
0
0
0
0
0
0
48.0577
51.9426
0
0
0
0
0
0
0
0
0
0
0
0
0
0
0
0
0
0
0
0
0
0
0
0
0
0
0
0
0
0
0
0
0
0
0
0
0
0
0
0
0
0
0
0
0
0
0
0
0
0
0
0
0
0
0
0
0
0
0
0
0
0
0
0.834532
0
0
0
0
0
0
0
0
0
0
0
0
0
0
0
0
0
0
0
0.0057554
0.0100719
0.00431655
0
0
0
0
0
0
0
0
0
0.0244604
0.120863
0
0
0
0
0
0
0
0
0.0057554
0.00431655
0.00431655
0.00143885
0.00143885
0.00431655
0.0100719
0.00431655
0.00431655
0.00719424
0.0201439
0.0244604
0.0561151
0.0705036
0.11223
0.094964
0.11223
0.184173
0.148201
0.0863309
0.0388489
0.00431655
0
0
0
0
0
0
0
0
0
0
0
0
0
0
0
0.0143885
0.00431655
0.0115108
0.00863309
0.0244604
0.0417266
0.120863
0.145324
0.102158
0.194245
0.182734
0.0892086
0.0589928
0.00143885
0
0
0
0
0
0
0
