0.849858
1.06232
0.991501
1.20397
0.92068
1.41643
1.6289
3.39943
5.52408
5.09915
4.39094
3.68272
3.6119
3.68272
3.04533
1.6289
1.13314
0.92068
0.991501
1.69972
1.91218
1.6289
1.983
2.19547
2.9745
3.75354
4.46176
2.76204
2.33711
3.32861
4.88669
3.47025
2.6204
1.27479
1.48725
1.41643
1.34561
1.41643
2.26629
1.6289
0.779037
0.779037
0.92068
0.566572
0.991501
1.27479
0.141643
0.354108
0.212465
0.283286
0.283286
0
0.0708215
0.283286
0.0708215
0.0708215
0.283286
0.0708215
0
0.212465
0.141643
0
0.0708215
0.0708215
4.39094
8.92353
14.3768
22.1672
21.5298
13.5269
5.09915
0.0708215
0.141643
0
0.212465
0
0.0708215
0.283286
0.283286
0.0708215
0.283286
0.566572
0.212465
0.424929
0.354108
0.495751
0.354108
0.708215
0.566572
1.06232
0
0
0
0
0
0
0
0
0
0
0
0
0
0
0
0
0
0
0
3.11615
0.708215
0.495751
0.354108
0.424929
4.95751
6.8697
5.80737
5.59491
4.67422
4.39094
4.81587
4.95751
4.88669
3.68272
4.17847
3.04533
2.90368
3.11615
2.83286
3.32861
4.10765
4.32011
4.03683
7.43627
5.02833
0
0
0
0
0
0
0
0
0
0
0
0
0
0
0
0
0
0
0
0
0
0
0
0
0
0
0
0
0
0
0
0
0
0
0
0
0
0
0
0
0
0
0
0
0
0
0
0
0
0
0
0
0
0
0
0
0
0
0
0
0
0
0
0
0
0
0
0
0
0
0
0
0
0
0
0
0
0
0
0
0
0
0
0
0
0
0
0
0
0
0
0
0
0
0
0
0
0
0
0
0
0
0
0
0
0
0
0
41.8967
58.103
0
0
0
0
0
0
0
0
0
0
0
0
0
0
0
0
0
0
0
0
0
0
0
0
0
0
0
0
0
0
0
0
0
0
0
0
0
0
0
0
0
0
0
0
0
0
0
0
0
0
0
0
0
0
0
0
0
0
0
0
0
0
0
0.532909
0.0169851
0
0
0.0127389
0.111819
0.00212314
0.00283086
0.004954
0.014862
0.02477
0.0127389
0.00141543
0
0
0
0
0
0
0
0.0835103
0.0686483
0.0106157
0.0120311
0.004954
0
0
0
0
0
0
0.000707714
0.0127389
0.0686483
0
0
0
0
0
0
0
0
0
0
0
0.00212314
0.00141543
0.004954
0.00636943
0.0219391
0.0283086
0.0608634
0.0460014
0.0530786
0.0573248
0.064402
0.0728946
0.0997877
0.113234
0.108988
0.0764331
0.0587403
0.0332626
0.0339703
0.0360934
0.014862
0.004954
0
0
0
0
0
0
0
0
0
0
0
0
0.00707714
0.084218
0.0537863
0.0622788
0.0955414
0.0969568
0.0870488
0.0686483
0.0778485
0.118896
0.0920028
0.106157
0.0332626
0.0106157
0.00424628
0.000707714
0.000707714
0
0
0
0
