3.62216
3.19602
2.62784
1.20739
0.994318
0.213068
0.426136
0.213068
0.284091
0.355114
0
0
0.568182
2.69886
4.90057
4.54545
5.46875
6.39204
7.67044
6.39204
7.24431
5.25568
4.19034
2.55682
2.41477
2.84091
2.13068
1.13636
0.994318
0.497159
0.568182
0.78125
0.213068
0.0710227
0.78125
0.852273
0.639205
0.426136
0.497159
0.497159
1.49148
2.27273
2.76989
4.19034
2.98296
1.13636
0.284091
0.497159
0.284091
0.284091
0
0.0710227
0.284091
0.142045
0.355114
0.0710227
0.213068
0.568182
0.284091
0.639205
0.213068
0.78125
6.32102
8.38067
10.7955
12.6421
11.0085
8.87783
9.16193
6.46306
5.89488
3.55114
6.39204
1.27841
0.213068
0.213068
0.142045
0.426136
0.213068
0.355114
0.284091
0.284091
0.355114
0
0.0710227
0
0.142045
0.284091
0.0710227
0.142045
0
0
0
0
0
0
0
0
0
0
0
0
0
0
0
0
0
0.497159
0.923296
1.84659
0.355114
0.355114
0.994318
3.55114
6.10795
8.66476
6.8892
3.83523
6.67613
4.6875
4.33239
3.62216
3.90625
3.55114
2.69886
3.48011
4.11932
3.33807
2.84091
4.33239
3.97727
4.90057
3.69318
2.91193
2.98296
0
0
0
0
0
0
0
0
0
0
0
0
0
0
0
0
0
0
0
0
0
0
0
0
0
0
0
0
0
0
0
0
0
0
0
0
0
0
0
0
0
0
0
0
0
0
0
0
0
0
0
0
0
0
0
0
0
0
0
0
0
0
0
0
0
0
0
0
0
0
0
0
0
0
0
0
0
0
0
0
0
0
0
0
0
0
0
0
0
0
0
0
0
0
0
0
0
0
0
0
0
0
0
0
0
0
0
0
62.1009
37.8993
0
0
0
0
0
0
0
0
0
0
0
0
0
0
0
0
0
0
0
0
0
0
0
0
0
0
0
0
0
0
0
0
0
0
0
0
0
0
0
0
0
0
0
0
0
0
0
0
0
0
0
0
0
0
0
0
0
0
0
0
0
0
0
0.364088
0.00212917
0
0
0.0283889
0.122782
0.00212917
0
0
0
0
0.00425834
0.00709723
0.00638751
0.0177431
0.00141945
0
0.000709723
0.00567779
0.266856
0.0503903
0.00283889
0.000709723
0
0
0
0
0
0
0
0
0
0.02555
0.0908446
0
0
0
0
0
0
0
0
0.00141945
0.00283889
0.00567779
0.00283889
0.00567779
0.00567779
0.00567779
0.00425834
0.0106458
0.0149042
0.0361959
0.071682
0.0496806
0.0432931
0.0731015
0.124202
0.166785
0.0610362
0.0858765
0.0525195
0.0305181
0.0354862
0.0553584
0.0489709
0.00567779
0
0
0
0
0
0
0
0
0
0
0
0
0.0290987
0.100071
0.0617459
0.0404542
0.0645848
0.121363
0.0688431
0.0823279
0.198013
0.125621
0.0532292
0.0503903
0.00354862
0.000709723
0
0
0
0
0
0
0
