1.88004
0.268577
0.80573
0.626679
0.537153
0.716204
0.716204
0.537153
0.537153
1.16383
0.80573
1.43241
3.76007
2.14861
2.95434
3.93912
4.5658
6.17726
5.72963
7.25157
8.14683
6.80394
4.9239
4.11817
4.5658
1.88004
1.52193
0.447628
0.179051
0.0895255
0.268577
0
0.179051
0.179051
0.358102
0.895255
0.179051
0.358102
1.43241
2.68576
2.50671
3.58102
3.04387
2.77529
2.41719
0.358102
0.268577
0.0895255
0
0.0895255
0.179051
0.0895255
0.0895255
0
0.0895255
0.268577
0
0.179051
0.0895255
0
0.0895255
2.77529
7.43062
6.62489
7.87825
6.26679
6.89347
7.52015
6.53537
8.50493
7.96778
9.93733
11.5488
4.11817
0.0895255
0.268577
0.0895255
0
0.268577
0.268577
0.626679
0.537153
0.358102
0.179051
0.268577
0.358102
0.268577
0.179051
0
0.447628
0
0
0
0
0
0
0
0
0
0
0
0
0
0
0
0
0
0.179051
0.626679
0.984781
1.34288
0.716204
0.358102
3.04387
3.13339
5.72963
6.62489
6.35631
4.5658
5.55058
4.5658
4.65533
4.9239
4.38675
4.5658
4.74485
5.28201
5.37153
4.83438
3.31244
4.47627
3.49149
2.59624
2.23814
1.43241
0
0
0
0
0
0
0
0
0
0
0
0
0
0
0
0
0
0
0
0
0
0
0
0
0
0
0
0
0
0
0
0
0
0
0
0
0
0
0
0
0
0
0
0
0
0
0
0
0
0
0
0
0
0
0
0
0
0
0
0
0
0
0
0
0
0
0
0
0
0
0
0
0
0
0
0
0
0
0
0
0
0
0
0
0
0
0
0
0
0
0
0
0
0
0
0
0
0
0
0
0
0
0
0
0
0
0
0
45.7962
54.2042
0
0
0
0
0
0
0
0
0
0
0
0
0
0
0
0
0
0
0
0
0
0
0
0
0
0
0
0
0
0
0
0
0
0
0
0
0
0
0
0
0
0
0
0
0
0
0
0
0
0
0
0
0
0
0
0
0
0
0
0
0
0
0
0.0339893
0.00894454
0
0
0.0152057
0.278175
0.00268336
0.00268336
0.00447227
0.0116279
0.0169946
0.0339893
0.160107
0.0304114
0.0161002
0.000894454
0
0
0.00894454
0.326476
0.0411449
0.00268336
0
0
0
0
0
0
0
0
0
0
0
0.00447227
0
0
0
0
0
0
0
0
0
0.00268336
0.00357782
0.00536673
0.000894454
0.00715563
0.00357782
0.00894454
0.0152057
0.0116279
0.0214669
0.0402504
0.039356
0.0617174
0.0894454
0.135957
0.102862
0.0876565
0.0599284
0.0599284
0.0429338
0.0357782
0.0715564
0.078712
0.0134168
0
0
0
0
0
0
0
0
0
0
0
0
0.0420394
0.199463
0.0974955
0.0357782
0.0447227
0.128801
0.12254
0.0876565
0.119857
0.0509839
0.0322004
0.0161002
0.009839
0.00805009
0.00268336
0.000894454
0.000894454
0
0
0
0
