3.90456
3.2538
1.87997
1.22921
1.87997
1.01229
1.0846
1.01229
1.95228
1.95228
1.51844
1.95228
2.31381
1.66305
2.09689
4.19378
4.26609
3.18149
5.78453
5.56761
4.3384
3.47072
2.45842
1.73536
1.01229
0.867679
1.51844
1.73536
1.37383
1.22921
1.0846
0.867679
1.15691
0.650759
0.795372
0.939986
1.15691
1.0846
1.01229
2.1692
1.66305
3.2538
3.75994
3.83225
5.20608
0.289226
0.0723066
0.144613
0
0.0723066
0
0
0.0723066
0.0723066
0.0723066
0.0723066
0
0.144613
0.0723066
0
0.21692
0.0723066
0.0723066
0.0723066
0
0
31.887
38.1778
27.1871
0
0
0.0723066
0
0.0723066
0.0723066
0
0.144613
0
0.0723066
0.0723066
0
0
0.0723066
0
0
0.0723066
0.0723066
0
0.21692
0.361533
0
0
0
0
0
0
0
0
0
0
0
0
0
0
0
0
0
0
0
0
0
0.650759
2.38612
7.08605
6.86913
8.24296
8.60449
5.71222
4.84454
4.04917
4.4107
4.77224
3.90456
4.77224
4.3384
3.68764
4.77224
3.39841
2.45842
3.18149
2.2415
1.59075
2.09689
2.96457
3.03688
0
0
0
0
0
0
0
0
0
0
0
0
0
0
0
0
0
0
0
0
0
0
0
0
0
0
0
0
0
0
0
0
0
0
0
0
0
0
0
0
0
0
0
0
0
0
0
0
0
0
0
0
0
0
0
0
0
0
0
0
0
0
0
0
0
0
0
0
0
0
0
0
0
0
0
0
0
0
0
0
0
0
0
0
0
0
0
0
0
0
0
0
0
0
0
0
0
0
0
0
0
0
0
0
0
0
0
0
43.7138
56.286
0
0
0
0
0
0
0
0
0
0
0
0
0
0
0
0
0
0
0
0
0
0
0
0
0
0
0
0
0
0
0
0
0
0
0
0
0
0
0
0
0
0
0
0
0
0
0
0
0
0
0
0
0
0
0
0
0
0
0
0
0
0
0
0.141618
0.015896
0
0
0.0195087
0.211705
0.00144509
0.000722543
0.00289017
0.0108382
0.015896
0.0108382
0.0144509
0.0267341
0.0202312
0.000722543
0
0
0.00144509
0.257948
0.110549
0.091763
0.00433526
0
0
0
0
0
0
0
0
0
0.00939306
0.0310694
0
0
0
0
0
0
0
0.000722543
0
0.000722543
0.00361272
0.00289017
0.00289017
0.00361272
0.00722543
0.0144509
0.0281792
0.033237
0.0397399
0.0404624
0.0498555
0.0498555
0.066474
0.109827
0.0780347
0.0946532
0.0513006
0.0570809
0.0440751
0.0715318
0.0852601
0.0549133
0.00939306
0
0
0
0
0
0
0
0
0
0
0
0
0.0310694
0.16185
0.083815
0.0455202
0.083815
0.131503
0.0693642
0.066474
0.120665
0.0570809
0.0513006
0.0578035
0.0216763
0.00939306
0.00722543
0.000722543
0.000722543
0
0
0
0
