0.668003
0.601202
0.935204
2.40481
3.40681
3.60722
5.34402
5.07682
3.94122
3.54042
2.13761
1.60321
2.07081
1.46961
1.1356
1.2024
1.1356
0.400802
0.734803
1.0688
1.336
2.07081
1.80361
2.00401
2.07081
2.00401
3.47362
2.60521
4.00802
5.67802
4.67602
4.00802
3.60722
3.00601
1.73681
1.67001
1.93721
1.80361
1.80361
1.2692
1.87041
0.734803
0.467602
1.2024
0.734803
0.133601
0.0668003
0.0668003
0.0668003
0.0668003
0
0
0
0
0
0
0
0
0
0
0.0668003
0
0
0
0
0.0668003
0.0668003
98.665
0
0.0668003
0
0
0
0
0
0
0
0
0.0668003
0
0
0
0.0668003
0.0668003
0
0.0668003
0.133601
0.133601
0.0668003
0.133601
0
0
0
0
0
0
0
0
0
0
0
0
0
0
0
0
0
0
0
0
0
0
3.47362
7.48162
6.41282
7.41482
6.94722
6.68002
5.81162
3.87442
5.74482
5.27722
3.54042
4.14162
3.94122
4.27522
2.33801
2.80561
2.60521
3.20641
2.80561
2.93921
2.20441
2.73881
3.40681
0
0
0
0
0
0
0
0
0
0
0
0
0
0
0
0
0
0
0
0
0
0
0
0
0
0
0
0
0
0
0
0
0
0
0
0
0
0
0
0
0
0
0
0
0
0
0
0
0
0
0
0
0
0
0
0
0
0
0
0
0
0
0
0
0
0
0
0
0
0
0
0
0
0
0
0
0
0
0
0
0
0
0
0
0
0
0
0
0
0
0
0
0
0
0
0
0
0
0
0
0
0
0
0
0
0
0
0
50.8014
49.1992
0
0
0
0
0
0
0
0
0
0
0
0
0
0
0
0
0
0
0
0
0
0
0
0
0
0
0
0
0
0
0
0
0
0
0
0
0
0
0
0
0
0
0
0
0
0
0
0
0
0
0
0
0
0
0
0
0
0
0
0
0
0
0
0.473965
0.0160214
0
0
0.0600801
0.124833
0.000667557
0.00133511
0.00534045
0.00734312
0.0307076
0.0186916
0.0106809
0.0126836
0.00534045
0.000667557
0
0
0.00200267
0.0213618
0.0854473
0.0894526
0.00534045
0.00133511
0.00133511
0
0
0
0
0
0
0
0.00600801
0.0193591
0
0
0
0
0
0
0
0
0
0.000667557
0.00400534
0.00133511
0.00133511
0.00200267
0.00667557
0.00734312
0.0100134
0.00934579
0.0267023
0.0674232
0.0961282
0.0874499
0.100134
0.0901202
0.100801
0.0867824
0.0874499
0.064753
0.0514019
0.040721
0.0333778
0.018024
0.00600801
0
0
0
0
0
0
0
0
0
0
0
0
0.0100134
0.0961282
0.0914553
0.0373832
0.0427236
0.126168
0.1502
0.0774366
0.076769
0.0594126
0.0934579
0.0807744
0.0387183
0.0100134
0.00801068
0.000667557
0.000667557
0
0
0
0
