1.76929
2.477
1.34466
1.84006
1.27389
0.636943
0.424628
0.141543
0.353857
0.0707714
0
0
0.283086
3.18471
3.89243
4.954
6.22788
7.57253
7.92639
5.73248
4.954
2.83086
3.25549
2.90163
3.89243
3.11394
3.04317
1.41543
0.353857
0.424628
0.4954
1.06157
0.0707714
0.0707714
0.0707714
0.0707714
0.566171
0.707714
1.55697
1.62774
4.31706
4.4586
2.76009
3.04317
2.90163
2.40623
0.566171
0.212314
0.0707714
0.0707714
0.141543
0.0707714
0.424628
0.212314
0.353857
0.4954
0.283086
0.353857
0.424628
0.424628
0.283086
0.0707714
0.212314
9.41258
10.5449
11.9603
10.5449
8.91719
10.3326
11.1111
8.35102
6.36942
0.283086
0.353857
0.424628
0.141543
0.4954
0.353857
0.424628
0.283086
0.141543
0.212314
0.424628
0.283086
0
0.212314
0.212314
0.212314
0.424628
0.566171
0
0
0
0
0
0
0
0
0
0
0
0
0
0
0
0
0
0
0
1.76929
1.41543
0.920028
0.920028
3.60934
8.28024
9.41258
6.29865
5.66171
5.4494
4.24629
5.4494
5.66171
5.09554
4.74168
3.68011
4.24629
3.39703
3.82166
3.32626
2.90163
2.12314
1.91083
2.26469
1.27389
2.19391
0
0
0
0
0
0
0
0
0
0
0
0
0
0
0
0
0
0
0
0
0
0
0
0
0
0
0
0
0
0
0
0
0
0
0
0
0
0
0
0
0
0
0
0
0
0
0
0
0
0
0
0
0
0
0
0
0
0
0
0
0
0
0
0
0
0
0
0
0
0
0
0
0
0
0
0
0
0
0
0
0
0
0
0
0
0
0
0
0
0
0
0
0
0
0
0
0
0
0
0
0
0
0
0
0
0
0
0
49.4339
50.5655
0
0
0
0
0
0
0
0
0
0
0
0
0
0
0
0
0
0
0
0
0
0
0
0
0
0
0
0
0
0
0
0
0
0
0
0
0
0
0
0
0
0
0
0
0
0
0
0
0
0
0
0
0
0
0
0
0
0
0
0
0
0
0
0.349364
0.0190948
0
0
0.0205092
0.201556
0.00424328
0.00353607
0.00353607
0.0176803
0.00848656
0.00565771
0.00990099
0.0325318
0.0120226
0
0
0
0.00565771
0.252475
0.029703
0.000707214
0
0
0
0
0
0
0
0
0
0
0.000707214
0.0226308
0
0
0
0
0
0
0
0
0.000707214
0.00141443
0.00353607
0.00707214
0.00282885
0.00353607
0.00565771
0.0113154
0.00919378
0.0169731
0.0445545
0.0487977
0.0537482
0.0275813
0.0579915
0.100424
0.157709
0.105375
0.100424
0.0657709
0.0360679
0.0381895
0.0608204
0.0360679
0.00424328
0
0
0
0
0
0
0
0
0
0
0
0
0.029703
0.159123
0.0869873
0.019802
0.0636492
0.114569
0.0509194
0.0714286
0.163366
0.108911
0.0820368
0.0459689
0.00282885
0
0
0
0.000707214
0
0
0
0
