1.28866
0.859107
0.859107
1.03093
1.11684
0.687285
0.601375
1.20275
0.859107
0.687285
2.23368
3.2646
1.54639
1.6323
1.80412
1.80412
3.95189
5.15464
5.24055
6.52921
8.8488
7.56014
5.58419
4.46735
2.83505
1.89003
1.28866
0.601375
0.257732
0.343643
0.0859107
0.0859107
0.257732
0.429553
0.515464
0.257732
0.687285
1.28866
2.23368
2.57732
3.86598
3.52234
2.83505
3.09278
2.31959
0.257732
0.171821
0.171821
0
0.257732
0.0859107
0.257732
0.171821
0.0859107
0.0859107
0.0859107
0.171821
0.0859107
0
0.171821
0
0
3.00687
12.543
12.8007
10.6529
10.3093
7.9897
8.33334
7.30241
9.70791
10.4811
2.49141
0
0.171821
0.0859107
0
0.171821
0.171821
0.171821
0.0859107
0.171821
0.0859107
0
0.257732
0.0859107
0.257732
0.257732
0.0859107
0.343643
0
0
0
0
0
0
0
0
0
0
0
0
0
0
0
0
0
0
0.343643
0.257732
0.945017
0.945017
0.601375
3.43642
4.811
5.84193
5.15464
4.46735
3.60825
3.60825
4.89691
4.20962
3.60825
4.38144
6.09966
4.20962
4.38144
4.98282
4.38144
4.38144
5.06873
4.89691
3.52234
3.35051
3.69416
0
0
0
0
0
0
0
0
0
0
0
0
0
0
0
0
0
0
0
0
0
0
0
0
0
0
0
0
0
0
0
0
0
0
0
0
0
0
0
0
0
0
0
0
0
0
0
0
0
0
0
0
0
0
0
0
0
0
0
0
0
0
0
0
0
0
0
0
0
0
0
0
0
0
0
0
0
0
0
0
0
0
0
0
0
0
0
0
0
0
0
0
0
0
0
0
0
0
0
0
0
0
0
0
0
0
0
0
41.9744
58.0261
0
0
0
0
0
0
0
0
0
0
0
0
0
0
0
0
0
0
0
0
0
0
0
0
0
0
0
0
0
0
0
0
0
0
0
0
0
0
0
0
0
0
0
0
0
0
0
0
0
0
0
0
0
0
0
0
0
0
0
0
0
0
0
0.341631
0.0197425
0
0
0.0781116
0.206009
0.00429185
0.00686695
0.0128755
0.0128755
0.0180258
0.0583691
0.141631
0.0154506
0.0103004
0.000858369
0
0.000858369
0.00429185
0.0412017
0.0137339
0
0
0
0
0
0
0
0
0
0
0
0.000858369
0.0120172
0
0
0
0
0
0
0
0
0
0.00171674
0.000858369
0.000858369
0.00515021
0.00600858
0.00858369
0.0145923
0.0248927
0.0283262
0.0274678
0.0480687
0.0600858
0.0695279
0.0918455
0.127039
0.095279
0.0969957
0.105579
0.0600858
0.0540773
0.0317597
0.0257511
0.0111588
0.00429185
0
0
0
0
0
0
0
0
0
0
0
0
0.0248927
0.172532
0.0987124
0.0901288
0.0540773
0.0772532
0.0875537
0.0643777
0.072103
0.0935622
0.0763948
0.0437768
0.0274678
0.00944206
0.00515021
0.00171674
0.000858369
0
0
0
0
