2.82075
0.909918
0.545951
0.818926
0.636943
0.0909918
0
0
0
0
0
0.0909918
0
1.18289
4.18562
5.73249
7.46133
8.37125
9.28117
9.0082
9.55415
6.46042
4.91356
4.27661
4.09463
1.72884
0.454959
0.0909918
0
0
0
0
0
0
0
0
0
0.0909918
0.363967
1.91083
2.82075
2.54777
3.00273
3.63967
3.00273
0
0
0
0
0.181984
0
0.272975
0.363967
0.363967
0.181984
0.363967
0.363967
0.454959
0.0909918
1.72884
1.91083
5.27753
6.64241
6.36943
7.46133
8.28026
8.73522
7.09737
7.55233
7.27935
7.91629
6.36943
4.82257
3.18471
3.00273
1.45587
0.272975
0.181984
0.363967
0.181984
0.272975
0.454959
0.181984
0.363967
0
0
0
0.0909918
0
0
0
0
0
0
0
0
0
0
0
0
0
0
0
0
0
0
0
0.454959
2.2748
2.63876
1.00091
1.18289
0.363967
2.82075
5.45951
3.82165
4.82257
6.55141
4.64058
4.73157
5.64149
4.64058
5.27753
5.09554
5.5505
4.82257
4.27661
5.18653
4.27661
3.82165
2.82075
2.72975
2.36579
2.00182
0.818926
0
0
0
0
0
0
0
0
0
0
0
0
0
0
0
0
0
0
0
0
0
0
0
0
0
0
0
0
0
0
0
0
0
0
0
0
0
0
0
0
0
0
0
0
0
0
0
0
0
0
0
0
0
0
0
0
0
0
0
0
0
0
0
0
0
0
0
0
0
0
0
0
0
0
0
0
0
0
0
0
0
0
0
0
0
0
0
0
0
0
0
0
0
0
0
0
0
0
0
0
0
0
0
0
0
0
0
0
42.7273
57.2726
0
0
0
0
0
0
0
0
0
0
0
0
0
0
0
0
0
0
0
0
0
0
0
0
0
0
0
0
0
0
0
0
0
0
0
0
0
0
0
0
0
0
0
0
0
0
0
0
0
0
0
0
0
0
0
0
0
0
0
0
0
0
0
0.572727
0
0
0
0
0
0
0
0
0
0
0
0
0
0
0
0
0
0.000909091
0.294545
0.0918182
0.00454545
0.00181818
0.000909091
0
0
0
0
0
0
0
0
0.00636364
0.0263636
0
0
0
0
0
0
0
0
0
0.00272727
0.00272727
0.000909091
0.00181818
0.00363636
0.00636364
0.0154545
0.0363636
0.0254545
0.0245455
0.0318182
0.0245455
0.0245455
0.0218182
0.0345455
0.0709091
0.121818
0.132727
0.0790909
0.0745455
0.0390909
0.11
0.103636
0.0109091
0
0
0
0
0
0
0
0
0
0
0
0
0.00818182
0.00545455
0.01
0.0545455
0.0481818
0.0845455
0.0490909
0.0645455
0.188182
0.189091
0.156364
0.0772727
0.0572727
0.00727273
0
0
0
0
0
0
0
