0.190658
0.476644
1.62059
0.476644
0.571973
0.667302
0.381316
0.476644
0
0
0
0.476644
1.3346
0.953289
3.33651
7.81696
7.14966
8.5796
8.29361
7.62631
7.81696
7.24499
5.24309
6.38703
5.71973
3.6225
2.28789
0.762631
0.667302
0.0953289
0
0
0
0
0
0
0
0
0
0
1.90658
3.24118
2.00191
1.42993
1.23928
0
0.0953289
0.667302
0.667302
0.0953289
0.190658
0.381316
0.667302
0.667302
0.571973
0.667302
0.571973
2.38322
2.66921
4.09914
4.67111
6.19637
4.86177
4.76644
6.86368
4.38513
3.90848
4.86177
4.9571
4.9571
4.38513
3.33651
4.86177
5.14776
5.81506
2.66921
2.19256
2.28789
0.571973
0.476644
0.953289
0.667302
0.381316
0.190658
0.285987
0.190658
0.0953289
0.190658
0.381316
0.190658
0
0
0
0
0
0
0
0
0
0
0
0
0
0.953289
1.23928
2.00191
2.47855
2.57388
1.90658
1.14395
0.476644
0
0.0953289
1.14395
0.667302
2.09724
3.52717
6.19637
11.1535
6.67302
5.24309
5.24309
4.38513
3.05052
2.95519
2.66921
3.24118
3.90848
2.66921
3.33651
4.86177
4.9571
4.76644
3.33651
1.14395
0
0
0
0
0
0
0
0
0
0
0
0
0
0
0
0
0
0
0
0
0
0
0
0
0
0
0
0
0
0
0
0
0
0
0
0
0
0
0
0
0
0
0
0
0
0
0
0
0
0
0
0
0
0
0
0
0
0
0
0
0
0
0
0
0
0
0
0
0
0
0
0
0
0
0
0
0
0
0
0
0
0
0
0
0
0
0
0
0
0
0
0
0
0
0
0
0
0
0
0
0
0
0
0
0
0
0
0
73.5236
26.4761
0
0
0
0
0
0
0
0
0
0
0
0
0
0
0
0
0
0
0
0
0
0
0
0
0
0
0
0
0
0
0
0
0
0
0
0
0
0
0
0
0
0
0
0
0
0
0
0
0
0
0
0
0
0
0
0
0
0
0
0
0
0
0
0.142857
0.0047619
0
0
0
0.000952381
0
0.00190476
0.000952381
0.000952381
0.00285714
0.0828571
0.133333
0.0571429
0.00571429
0
0
0
0.012381
0.388571
0.129524
0.0142857
0
0
0
0
0
0
0
0
0
0
0.00380952
0.0171429
0
0
0
0
0
0
0
0
0
0.00761905
0.0104762
0.00666667
0.0104762
0.00857143
0.00666667
0.00857143
0.00666667
0.00761905
0.0161905
0.0133333
0.0285714
0.0428571
0.0428571
0.0457143
0.0514286
0.0666667
0.0980952
0.0742857
0.0961905
0.117143
0.12381
0.0895238
0.02
0
0
0
0
0
0
0
0
0
0
0
0
0.0333333
0.0209524
0.0209524
0.0190476
0.0266667
0.0771429
0.12381
0.166667
0.185714
0.16381
0.0638095
0.0514286
0.0304762
0.012381
0.00190476
0.00190476
0
0
0
0
0
