2.24417
1.52603
0.987433
0.8079
0.987433
0.179533
0
0.0897666
0
0
0
0
0.448833
2.24417
4.21903
7.09156
7.54039
8.61759
9.06642
8.07899
5.92459
4.39856
4.12926
2.24417
3.68043
2.4237
2.51346
0.5386
0
0.359066
0
0
0.0897666
0
0
0.179533
1.16697
1.8851
1.16697
0.718133
1.79533
3.14183
3.2316
3.68043
2.693
0
0.0897666
0.0897666
0
0.179533
0.179533
0
0.179533
0.0897666
0.0897666
0
0.179533
0.2693
0.179533
0.0897666
0.718133
2.60323
5.29623
8.07899
9.24595
9.06642
11.6696
7.98922
7.89946
8.43805
7.27109
7.00179
5.74506
4.12926
0.0897666
0.5386
0.179533
0.2693
0.179533
0.179533
0.628366
0.0897666
0.0897666
0.0897666
0.359066
0.179533
0.359066
0.0897666
0
0
0
0
0
0
0
0
0
0
0
0
0
0
0
0
0
0
0
0.5386
1.25673
3.05206
0.448833
0.359066
0.718133
1.3465
3.5009
3.7702
3.41113
4.21903
3.94973
3.14183
5.20646
5.47576
6.19389
6.46319
5.65529
6.37342
4.93716
6.28366
3.41113
5.02693
5.29623
4.0395
3.14183
1.70557
1.16697
0
0
0
0
0
0
0
0
0
0
0
0
0
0
0
0
0
0
0
0
0
0
0
0
0
0
0
0
0
0
0
0
0
0
0
0
0
0
0
0
0
0
0
0
0
0
0
0
0
0
0
0
0
0
0
0
0
0
0
0
0
0
0
0
0
0
0
0
0
0
0
0
0
0
0
0
0
0
0
0
0
0
0
0
0
0
0
0
0
0
0
0
0
0
0
0
0
0
0
0
0
0
0
0
0
0
0
0
46.0988
53.9016
0
0
0
0
0
0
0
0
0
0
0
0
0
0
0
0
0
0
0
0
0
0
0
0
0
0
0
0
0
0
0
0
0
0
0
0
0
0
0
0
0
0
0
0
0
0
0
0
0
0
0
0
0
0
0
0
0
0
0
0
0
0
0
0.304036
0.0116592
0
0
0
0.00179372
0
0.00179372
0.00358744
0.00717489
0.0206278
0.0681614
0.125561
0.0134529
0.00896861
0.000896861
0.000896861
0
0.00807175
0.276233
0.119283
0.00179372
0.000896861
0
0
0
0
0
0
0
0
0
0.00448431
0.0206278
0
0
0
0
0
0
0
0
0
0.00269058
0.00269058
0.00717489
0.00448431
0.00448431
0.0134529
0.00717489
0.0125561
0.0125561
0.0313901
0.0242152
0.032287
0.0529148
0.0995516
0.0627803
0.0573991
0.0654709
0.0896861
0.0807175
0.0807175
0.0887892
0.0896861
0.0681614
0.00896861
0
0
0
0
0
0
0
0
0
0
0
0
0.0170404
0.0197309
0.0358744
0.032287
0.0421525
0.0852018
0.136323
0.120179
0.139013
0.157848
0.106726
0.0502242
0.0358744
0.0206278
0.000896861
0
0
0
0
0
0
