3.10078
1.55039
0.310078
0.465116
0.465116
0
0
0
0
0
0
0
0.620155
1.24031
1.86046
3.72093
6.35659
7.90698
11.4729
9.61241
7.44186
10.5426
5.5814
4.34109
2.63566
2.17054
1.08527
0.155039
0
0.155039
0.155039
0
0
0
0
0
0
0
0
0.465116
0.930233
2.32558
4.18605
4.18605
5.11628
0
0
0.155039
0.155039
0.155039
0.155039
0
0.310078
0.155039
0.155039
0.310078
0.620155
0.465116
0.620155
1.24031
3.10078
2.94574
5.42636
5.11628
6.51163
7.44186
7.28682
8.3721
6.97675
10.3876
8.68217
9.30233
6.20155
2.48062
2.48062
0.775194
0.310078
0.155039
0.310078
0.155039
0.310078
0.465116
0.155039
0.155039
0
0
0
0
0.155039
0
0
0
0
0
0
0
0
0
0
0
0
0
0
0
0
0
0.155039
0.620155
1.24031
1.24031
1.86046
0.930233
1.24031
4.34109
5.27132
7.5969
6.20155
5.89147
4.96124
6.20155
7.44186
5.27132
3.87597
4.34109
4.03101
4.96124
2.48062
2.48062
2.7907
2.48062
2.7907
1.86046
2.0155
2.48062
3.10078
0
0
0
0
0
0
0
0
0
0
0
0
0
0
0
0
0
0
0
0
0
0
0
0
0
0
0
0
0
0
0
0
0
0
0
0
0
0
0
0
0
0
0
0
0
0
0
0
0
0
0
0
0
0
0
0
0
0
0
0
0
0
0
0
0
0
0
0
0
0
0
0
0
0
0
0
0
0
0
0
0
0
0
0
0
0
0
0
0
0
0
0
0
0
0
0
0
0
0
0
0
0
0
0
0
0
0
0
51.2386
48.7618
0
0
0
0
0
0
0
0
0
0
0
0
0
0
0
0
0
0
0
0
0
0
0
0
0
0
0
0
0
0
0
0
0
0
0
0
0
0
0
0
0
0
0
0
0
0
0
0
0
0
0
0
0
0
0
0
0
0
0
0
0
0
0
0.911765
0.00464396
0
0
0
0
0
0
0
0
0.00154799
0
0
0
0
0
0
0
0
0.00773994
0.00619195
0.00154799
0
0.00154799
0
0
0
0
0
0
0
0
0.00464396
0.0603715
0
0
0
0
0
0
0
0
0.00309598
0.00154799
0
0
0.00464396
0.00464396
0.00619195
0.00773994
0.00619195
0.00928793
0.0154799
0.0154799
0.0123839
0.0325077
0.0464396
0.0743034
0.130031
0.150155
0.23065
0.131579
0.0944272
0.0232198
0
0
0
0
0
0
0
0
0
0
0
0
0
0
0
0.00619195
0.00619195
0.00773994
0.0216718
0.0170279
0.0216718
0.0356037
0.126935
0.120743
0.174923
0.255418
0.0990712
0.0789474
0.0278638
0
0
0
0
0
0
0
