2.07547
1.88679
1.38365
1.19497
0.81761
0.943396
0.880503
1.06918
1.44654
1.38365
0.81761
0.943396
1.32075
1.63522
2.07547
2.83019
2.7673
3.08176
3.58491
4.96855
7.2327
6.98113
6.60377
3.6478
1.94968
0.754717
0.314465
0.251572
0.251572
0.251572
0.440252
0.188679
0.188679
0.314465
0.377359
0.880503
1.44654
2.07547
2.7673
4.02516
4.15094
4.08805
3.71069
5.78616
4.27673
0
0.125786
0.188679
0.188679
0
0
0.0628931
0
0
0
0.0628931
0
0
0.0628931
0.0628931
0
0
0
0
0.0628931
0.0628931
20
46.6037
31.7609
0
0
0.125786
0
0.0628931
0
0
0
0
0
0
0.0628931
0
0.125786
0.0628931
0
0.0628931
0.0628931
0.125786
0.0628931
0.0628931
0
0
0
0
0
0
0
0
0
0
0
0
0
0
0
0
0
0
0
0
0
0.0628931
3.20755
7.1698
6.85534
5.59748
6.72955
6.3522
5.03145
5.72327
4.90566
5.09434
4.90566
5.09434
3.6478
4.33962
3.20755
2.57862
2.57862
2.57862
2.57862
2.7673
2.45283
2.83019
3.77359
0
0
0
0
0
0
0
0
0
0
0
0
0
0
0
0
0
0
0
0
0
0
0
0
0
0
0
0
0
0
0
0
0
0
0
0
0
0
0
0
0
0
0
0
0
0
0
0
0
0
0
0
0
0
0
0
0
0
0
0
0
0
0
0
0
0
0
0
0
0
0
0
0
0
0
0
0
0
0
0
0
0
0
0
0
0
0
0
0
0
0
0
0
0
0
0
0
0
0
0
0
0
0
0
0
0
0
0
46.3232
53.6772
0
0
0
0
0
0
0
0
0
0
0
0
0
0
0
0
0
0
0
0
0
0
0
0
0
0
0
0
0
0
0
0
0
0
0
0
0
0
0
0
0
0
0
0
0
0
0
0
0
0
0
0
0
0
0
0
0
0
0
0
0
0
0
0.490886
0.0106851
0
0
0.0421119
0.132621
0.00188561
0
0.000628536
0.00314268
0.0131992
0.0477687
0.00188561
0
0
0.000628536
0
0.000628536
0.0087995
0.0251414
0.0986801
0.071653
0.00314268
0.00188561
0
0
0
0
0
0
0
0
0.0138278
0.0307982
0
0
0
0
0
0
0
0
0.000628536
0
0
0.00125707
0.000628536
0.00188561
0.00628535
0.00502828
0.00691389
0.0100566
0.0138278
0.0289126
0.0439975
0.108108
0.137649
0.117536
0.105594
0.0722816
0.0942803
0.0685104
0.0641106
0.0339409
0.0565682
0.0201131
0.00188561
0
0
0
0
0
0
0
0
0
0
0
0
0.0207417
0.0923947
0.0722816
0.0182275
0.017599
0.0408548
0.10308
0.181647
0.115022
0.0923947
0.108108
0.0848523
0.0408548
0.00942803
0.00251414
0
0
0
0
0
0
