3.25418
2.19877
1.23131
0.703606
0
0
0
0
0
0
0
0.175902
0.263852
1.49516
3.78188
6.94811
10.0264
8.61917
8.70712
7.91556
3.86983
3.69393
2.46262
2.11082
2.19877
3.07828
2.63852
2.63852
1.75901
1.31926
0.967458
1.14336
1.75901
0.351803
0
0
0.615655
0.703606
1.14336
0.703606
1.31926
2.37467
2.28672
3.25418
2.37467
0
0
0
0
0
0.0879508
0.175902
0
0
0.0879508
0.175902
0.263852
0.351803
0.0879508
0.175902
2.11082
3.60598
4.04573
4.66139
7.38786
7.91556
8.44327
9.49868
9.58663
7.73966
11.0818
8.88302
7.73966
3.34213
1.05541
0.175902
0.263852
0.263852
0.263852
0.175902
0.0879508
0.0879508
0
0
0
0
0.175902
0.0879508
0
0
0
0
0
0
0
0
0
0
0
0
0
0
0
0
0
0
0
0
0
0.175902
0.0879508
0.0879508
0.0879508
1.05541
2.63852
2.55057
3.78188
5.10114
3.60598
3.51803
3.16623
4.92524
5.7168
4.30959
4.04573
6.2445
5.01319
4.92524
5.45294
5.62885
4.83729
5.80475
7.29991
5.7168
4.30959
0
0
0
0
0
0
0
0
0
0
0
0
0
0
0
0
0
0
0
0
0
0
0
0
0
0
0
0
0
0
0
0
0
0
0
0
0
0
0
0
0
0
0
0
0
0
0
0
0
0
0
0
0
0
0
0
0
0
0
0
0
0
0
0
0
0
0
0
0
0
0
0
0
0
0
0
0
0
0
0
0
0
0
0
0
0
0
0
0
0
0
0
0
0
0
0
0
0
0
0
0
0
0
0
0
0
0
0
41.3007
58.7001
0
0
0
0
0
0
0
0
0
0
0
0
0
0
0
0
0
0
0
0
0
0
0
0
0
0
0
0
0
0
0
0
0
0
0
0
0
0
0
0
0
0
0
0
0
0
0
0
0
0
0
0
0
0
0
0
0
0
0
0
0
0
0
0.244288
0.0114236
0
0
0.0289982
0.179262
0.00702988
0.00702988
0.00615114
0.00351494
0.00615114
0.0544815
0.199473
0.0140598
0.00702988
0.00175747
0
0.000878735
0.00702988
0.154657
0.0386643
0
0
0.000878735
0
0
0
0
0
0
0
0
0.0026362
0.0246046
0
0
0
0
0
0
0
0
0
0.000878735
0.00175747
0.00439367
0.00615114
0.00702988
0.00966608
0.00351494
0.00966608
0.0140598
0.0184534
0.0219684
0.0492091
0.0773286
0.115993
0.144991
0.104569
0.0975395
0.0782074
0.0474517
0.0474517
0.0536028
0.0500879
0.029877
0.00615114
0
0
0
0
0
0
0
0
0
0
0
0
0.0246046
0.143234
0.0869947
0.0281195
0.0369069
0.102812
0.113357
0.114235
0.14587
0.0975395
0.0421793
0.0325132
0.0210896
0.00527241
0.00175747
0.00175747
0.000878735
0.000878735
0
0
0
