1.78908
0.753296
0.847458
0.659134
0.376648
0.094162
0.094162
0
0
0
0
0
0.564972
3.86064
4.42561
3.86064
6.40301
7.4388
9.32204
9.4162
6.87382
5.83804
3.38983
4.14313
3.29567
1.41243
0.94162
0.188324
0
0
0
0
0
0
0
0
0
0.094162
1.88324
2.91902
4.23729
4.99058
3.67232
2.91902
3.38983
0
0
0
0.094162
0.094162
0
0
0.188324
0.282486
0.564972
0.282486
0.094162
0.659134
0.376648
0.094162
0
1.03578
4.42561
8.6629
10.6403
9.13371
10.8286
10.2637
10.0753
9.98117
7.4388
7.06215
4.80226
0.47081
0.188324
0.188324
0.659134
0.282486
0.282486
0.188324
0.188324
0.376648
0.094162
0
0
0.094162
0
0
0
0
0
0
0
0
0
0
0
0
0
0
0
0
0
0
0
0
0
0
0.564972
1.22411
2.63654
0.753296
0.847458
1.9774
4.04896
4.51977
6.40301
5.27307
4.99058
5.55556
4.80226
5.46139
5.08475
4.33145
6.49718
4.61394
5.27307
5.9322
5.08475
3.38983
3.48399
2.7307
1.88324
1.9774
0.753296
0
0
0
0
0
0
0
0
0
0
0
0
0
0
0
0
0
0
0
0
0
0
0
0
0
0
0
0
0
0
0
0
0
0
0
0
0
0
0
0
0
0
0
0
0
0
0
0
0
0
0
0
0
0
0
0
0
0
0
0
0
0
0
0
0
0
0
0
0
0
0
0
0
0
0
0
0
0
0
0
0
0
0
0
0
0
0
0
0
0
0
0
0
0
0
0
0
0
0
0
0
0
0
0
0
0
0
0
56.8207
43.1799
0
0
0
0
0
0
0
0
0
0
0
0
0
0
0
0
0
0
0
0
0
0
0
0
0
0
0
0
0
0
0
0
0
0
0
0
0
0
0
0
0
0
0
0
0
0
0
0
0
0
0
0
0
0
0
0
0
0
0
0
0
0
0
0.60301
0
0
0
0
0
0
0
0
0
0
0
0
0
0
0
0
0
0
0.269991
0.0856068
0.0028222
0.000940734
0
0.000940734
0
0
0
0
0
0
0
0.0084666
0.028222
0
0
0
0
0
0
0
0
0.00188147
0
0.0028222
0.000940734
0.00376294
0.0028222
0.0084666
0.0150517
0.0150517
0.00752587
0.0150517
0.0244591
0.042333
0.0479774
0.0517404
0.0329257
0.0517404
0.0978363
0.14111
0.106303
0.074318
0.0526811
0.0968956
0.10254
0.00376294
0
0
0
0
0
0
0
0
0
0
0
0
0.00658514
0.0112888
0.0150517
0.0357479
0.0329257
0.056444
0.0837253
0.0724365
0.155221
0.199436
0.180621
0.0818438
0.0592662
0.00940734
0
0
0
0
0
0
0
