1.25604
1.64251
1.54589
0.772947
2.02899
1.54589
0.772947
0
0
0.386473
0.869565
1.93237
3.76812
3.57488
2.70531
2.99517
5.21739
4.54106
4.63768
7.34299
5.21739
5.21739
5.31401
4.44445
4.34783
2.51208
1.73913
0.966184
0.386473
0.386473
0.0966184
0
0
0
0
0.386473
0.386473
1.64251
2.31884
3.09179
3.47826
2.80193
3.18841
2.70531
1.93237
0
0
0.0966184
0
0.193237
0.676328
0.0966184
0.57971
0.0966184
0.483092
0.193237
0.483092
0.386473
0.0966184
0.289855
0.193237
0.0966184
1.0628
3.86474
9.27536
12.8503
11.0145
10.7246
8.40579
10.628
8.59903
13.5266
2.70531
0.0966184
0.386473
0.289855
0.483092
0.483092
0.386473
0.386473
0.0966184
0.0966184
0.0966184
0
0
0.0966184
0.0966184
0.193237
0.289855
0
0
0
0
0
0
0
0
0
0
0
0
0
0
0
0
0
0
0
0.289855
2.6087
1.54589
1.0628
0.0966184
2.1256
4.25121
7.05314
5.21739
4.54106
4.7343
3.09179
4.34783
5.31401
3.28503
5.12077
4.34783
5.7971
5.50725
5.99034
4.25121
4.54106
2.70531
2.31884
3.86474
3.18841
2.89855
0
0
0
0
0
0
0
0
0
0
0
0
0
0
0
0
0
0
0
0
0
0
0
0
0
0
0
0
0
0
0
0
0
0
0
0
0
0
0
0
0
0
0
0
0
0
0
0
0
0
0
0
0
0
0
0
0
0
0
0
0
0
0
0
0
0
0
0
0
0
0
0
0
0
0
0
0
0
0
0
0
0
0
0
0
0
0
0
0
0
0
0
0
0
0
0
0
0
0
0
0
0
0
0
0
0
0
0
44.3048
55.6946
0
0
0
0
0
0
0
0
0
0
0
0
0
0
0
0
0
0
0
0
0
0
0
0
0
0
0
0
0
0
0
0
0
0
0
0
0
0
0
0
0
0
0
0
0
0
0
0
0
0
0
0
0
0
0
0
0
0
0
0
0
0
0
0.508687
0.00772201
0
0
0
0
0
0.000965251
0.00868726
0.00868726
0.0289575
0.0608108
0.182432
0.00965251
0.003861
0
0
0
0.000965251
0.0907336
0.0521236
0.00482625
0.0019305
0
0
0
0
0
0
0
0
0
0.00579151
0.023166
0
0
0
0
0
0
0
0.000965251
0
0.0019305
0.000965251
0.00482625
0.0019305
0.00482625
0.00675676
0.003861
0.00868726
0.011583
0.0135135
0.0318533
0.0540541
0.0743243
0.104247
0.137066
0.0965251
0.112934
0.0849421
0.0598456
0.0521236
0.0279923
0.0511583
0.0453668
0.00772201
0
0
0
0
0
0
0
0
0
0
0
0
0.00965251
0.003861
0.0173745
0.0212355
0.0366795
0.0752896
0.137066
0.21139
0.139961
0.146718
0.0955598
0.0521236
0.0434363
0.00772201
0.0019305
0
0
0
0
0
0
