1.5674
1.25392
0.15674
0.15674
0
0
0
0
0
0
0
0
0
0
0.626959
6.73981
5.95611
7.83699
10.5016
10.8151
8.77743
10.9718
6.42633
4.85893
3.44828
2.97806
0.940439
0.470219
0
0.15674
0
0
0
0
0
0
0
0
0
1.5674
1.5674
1.5674
2.66458
4.23197
3.91849
0
0
0
0
0
0.15674
0
0.626959
0.470219
0.15674
0
0.470219
0.31348
3.1348
3.91849
3.76175
7.68025
7.21003
6.42633
5.79937
3.1348
4.70219
5.79937
6.58307
4.70219
6.11285
5.48589
6.11285
5.01567
5.01567
2.3511
1.5674
0.470219
0.31348
0.470219
0.31348
0.31348
0.940439
0.15674
0.15674
0.31348
0
0
0
0
0
0
0
0
0
0
0
0
0
0
0
0
0
0
0.31348
0.15674
0.31348
0
0.626959
1.41066
0.470219
0.15674
0.31348
2.82132
5.48589
6.11285
7.05329
6.11285
5.79937
6.73981
6.42633
6.58307
8.30721
6.89655
4.54545
5.95611
4.23197
2.66458
2.50784
2.19436
1.72414
0.626959
1.41066
0.940439
1.25392
0
0
0
0
0
0
0
0
0
0
0
0
0
0
0
0
0
0
0
0
0
0
0
0
0
0
0
0
0
0
0
0
0
0
0
0
0
0
0
0
0
0
0
0
0
0
0
0
0
0
0
0
0
0
0
0
0
0
0
0
0
0
0
0
0
0
0
0
0
0
0
0
0
0
0
0
0
0
0
0
0
0
0
0
0
0
0
0
0
0
0
0
0
0
0
0
0
0
0
0
0
0
0
0
0
0
0
0
40.3755
59.6243
0
0
0
0
0
0
0
0
0
0
0
0
0
0
0
0
0
0
0
0
0
0
0
0
0
0
0
0
0
0
0
0
0
0
0
0
0
0
0
0
0
0
0
0
0
0
0
0
0
0
0
0
0
0
0
0
0
0
0
0
0
0
0
0.899844
0
0
0
0
0
0
0
0
0
0
0
0
0
0
0
0
0
0
0.0109546
0.0125196
0
0
0
0
0
0
0
0
0
0
0
0.00938967
0.0672926
0
0
0
0
0
0
0
0
0
0.00156495
0.00156495
0.00156495
0.00312989
0.00156495
0.00312989
0.00469484
0.00156495
0.00312989
0.0187793
0.0109546
0.0125196
0.0250391
0.0344288
0.0876369
0.158059
0.195618
0.223787
0.120501
0.086072
0.00469484
0
0
0
0
0
0
0
0
0
0
0
0
0
0
0
0.00469484
0.00782473
0.00625978
0.00782473
0.0125196
0.0172144
0.028169
0.12989
0.164319
0.189358
0.248826
0.0985916
0.0751174
0.00938967
0
0
0
0
0
0
0
