3.07989
2.50241
0.769971
1.15496
0.577478
0.481232
0.0962464
0
0
0
0
0
0.0962464
0.866217
3.84986
5.1973
6.54475
7.21848
10.4909
10.9721
6.641
6.641
4.23484
4.52358
3.84986
2.21367
1.15496
0.481232
0
0.0962464
0.0962464
0
0
0
0
0
0
0.0962464
0.384986
2.21367
2.21367
2.79115
3.46487
2.50241
2.59865
0
0
0.0962464
0
0
0.288739
0.192493
0.288739
0.192493
0.288739
0.288739
0.673725
0.384986
0.577478
0.673725
2.59865
3.56112
7.31472
9.04716
9.04716
8.37343
10.0096
8.85467
6.92974
5.77478
5.48604
5.67854
5.1973
3.17613
2.98364
0.288739
0.384986
0.384986
0.288739
0.192493
0.192493
0.192493
0
0.0962464
0
0.0962464
0
0
0
0
0
0
0
0
0
0
0
0
0
0
0
0
0
0
0
0
0
1.2512
1.53994
2.79115
1.2512
0.769971
0.192493
1.53994
4.81232
6.44851
6.35226
7.60346
6.06352
4.90857
6.06352
4.52358
3.9461
4.33109
4.61983
4.81232
4.61983
4.33109
3.9461
3.65736
3.27238
2.79115
2.30991
1.15496
0.192493
0
0
0
0
0
0
0
0
0
0
0
0
0
0
0
0
0
0
0
0
0
0
0
0
0
0
0
0
0
0
0
0
0
0
0
0
0
0
0
0
0
0
0
0
0
0
0
0
0
0
0
0
0
0
0
0
0
0
0
0
0
0
0
0
0
0
0
0
0
0
0
0
0
0
0
0
0
0
0
0
0
0
0
0
0
0
0
0
0
0
0
0
0
0
0
0
0
0
0
0
0
0
0
0
0
0
0
0
48.4614
51.5383
0
0
0
0
0
0
0
0
0
0
0
0
0
0
0
0
0
0
0
0
0
0
0
0
0
0
0
0
0
0
0
0
0
0
0
0
0
0
0
0
0
0
0
0
0
0
0
0
0
0
0
0
0
0
0
0
0
0
0
0
0
0
0
0.529808
0
0
0
0
0
0
0
0
0
0
0
0
0
0
0
0
0
0
0.336538
0.0846154
0.00480769
0.00288462
0.00192308
0
0
0
0
0
0
0
0
0.0105769
0.0288462
0
0
0
0
0
0
0
0
0.00192308
0.00192308
0.00288462
0.00192308
0.000961538
0.00961538
0.00480769
0.00480769
0.00769231
0.00865385
0.00673077
0.00865385
0.0144231
0.0307692
0.0394231
0.0461538
0.0596154
0.0923077
0.146154
0.118269
0.0798077
0.0625
0.142308
0.0951923
0.0125
0
0
0
0
0
0
0
0
0
0
0
0
0.00865385
0.00480769
0.0153846
0.0153846
0.0153846
0.0346154
0.0663462
0.108654
0.218269
0.181731
0.177885
0.104808
0.0403846
0.00769231
0
0
0
0
0
0
0
