2.2242
1.06762
0.88968
0.622776
0.088968
0.44484
0.266904
0.355872
0.088968
0.533808
0.711744
1.51246
2.84698
2.93594
3.91459
5.87188
4.98221
4.09253
5.42704
6.31672
7.74021
4.7153
4.98221
4.35943
4.27046
1.60142
1.86833
1.42349
1.15658
0.533808
0.711744
0.44484
1.15658
0.88968
1.51246
1.24555
0.533808
0.800712
0.266904
0.711744
1.33452
1.77936
3.55872
3.46975
3.82562
0.266904
0.177936
0
0.088968
0.088968
0.088968
0
0
0
0.088968
0
0
0.088968
0
0.088968
0.177936
4.09253
8.00711
8.18505
10.4093
11.032
7.56227
8.09608
8.27402
8.09608
7.4733
4.7153
6.22775
5.16014
0.177936
0.088968
0.088968
0.088968
0.177936
0.088968
0
0.088968
0.088968
0
0.177936
0.088968
0.088968
0
0.177936
0.177936
0
0
0
0
0
0
0
0
0
0
0
0
0
0
0
0
0
0.266904
0.266904
0.355872
0.533808
0.177936
0
1.51246
3.29182
2.4911
2.40213
3.91459
4.53737
5.16014
5.24911
4.53737
5.78292
5.78292
6.58363
5.60498
6.40569
6.76156
4.98221
4.7153
4.62633
3.73666
2.75801
3.91459
3.73666
0
0
0
0
0
0
0
0
0
0
0
0
0
0
0
0
0
0
0
0
0
0
0
0
0
0
0
0
0
0
0
0
0
0
0
0
0
0
0
0
0
0
0
0
0
0
0
0
0
0
0
0
0
0
0
0
0
0
0
0
0
0
0
0
0
0
0
0
0
0
0
0
0
0
0
0
0
0
0
0
0
0
0
0
0
0
0
0
0
0
0
0
0
0
0
0
0
0
0
0
0
0
0
0
0
0
0
0
50.489
49.5112
0
0
0
0
0
0
0
0
0
0
0
0
0
0
0
0
0
0
0
0
0
0
0
0
0
0
0
0
0
0
0
0
0
0
0
0
0
0
0
0
0
0
0
0
0
0
0
0
0
0
0
0
0
0
0
0
0
0
0
0
0
0
0
0.266667
0.0391111
0
0
0.104889
0.210667
0.00444444
0.00711111
0.00888889
0.0133333
0.0204444
0.0933333
0.109333
0.0151111
0.00711111
0.000888889
0
0
0.00177778
0.0586667
0.0311111
0.00177778
0
0
0
0
0
0
0
0
0
0
0.000888889
0.00444444
0
0
0
0
0
0
0
0
0.00266667
0.00177778
0.000888889
0
0.00533333
0.00266667
0.00977778
0.0106667
0.00622222
0.0106667
0.0204444
0.0328889
0.056
0.0622222
0.117333
0.131556
0.102222
0.0897778
0.0915556
0.0791111
0.0657778
0.0497778
0.0231111
0.0213333
0.00622222
0
0
0
0
0
0
0
0
0
0
0
0
0.0204444
0.183111
0.114667
0.064
0.0471111
0.056
0.0746667
0.088
0.0737778
0.0853333
0.0888889
0.04
0.0293333
0.0222222
0.00622222
0.00533333
0.000888889
0
0
0
0
