1.9861
0.695134
1.09235
1.19166
0.19861
0
0
0
0
0
0
0
0.397219
1.48957
3.67428
3.57498
5.95829
8.14299
9.53327
10.6256
7.94438
7.05064
3.17776
4.17081
1.88679
1.39027
0.0993049
0
0
0
0
0
0
0
0
0
0.297915
0.496524
1.39027
4.27011
4.56802
4.66733
2.87984
3.77359
3.47567
0
0
0
0
0
0
0.0993049
0.0993049
0
0
0.397219
0.0993049
0.19861
0.0993049
0.297915
0.19861
0.496524
3.07845
6.1569
10.9235
12.711
12.4131
9.33465
11.4201
10.8242
10.8242
5.85898
2.78054
0.19861
0
0.0993049
0.19861
0.19861
0.19861
0.0993049
0.0993049
0.19861
0.297915
0
0.0993049
0
0
0.0993049
0
0
0
0
0
0
0
0
0
0
0
0
0
0
0
0
0
0
0
0
0
1.19166
2.48262
0.794439
1.29096
3.47567
4.17081
5.16385
6.1569
4.96524
4.17081
4.76663
5.26316
4.76663
4.0715
6.35551
4.96524
3.47567
6.05759
6.45481
5.66038
4.46872
3.57498
3.17776
1.88679
0.993049
0.297915
0
0
0
0
0
0
0
0
0
0
0
0
0
0
0
0
0
0
0
0
0
0
0
0
0
0
0
0
0
0
0
0
0
0
0
0
0
0
0
0
0
0
0
0
0
0
0
0
0
0
0
0
0
0
0
0
0
0
0
0
0
0
0
0
0
0
0
0
0
0
0
0
0
0
0
0
0
0
0
0
0
0
0
0
0
0
0
0
0
0
0
0
0
0
0
0
0
0
0
0
0
0
0
0
0
0
0
0
43.3531
56.6466
0
0
0
0
0
0
0
0
0
0
0
0
0
0
0
0
0
0
0
0
0
0
0
0
0
0
0
0
0
0
0
0
0
0
0
0
0
0
0
0
0
0
0
0
0
0
0
0
0
0
0
0
0
0
0
0
0
0
0
0
0
0
0
0.632937
0
0
0
0
0
0
0
0
0
0
0
0
0
0
0
0
0
0
0.225198
0.109127
0.00396825
0.000992064
0.000992064
0
0
0
0
0
0
0
0
0.00396825
0.0228175
0
0
0
0
0
0
0
0
0.000992064
0.00396825
0
0.00496032
0.00198413
0.00396825
0.00396825
0.00496032
0.00496032
0.00396825
0.00496032
0.00496032
0.00396825
0.0198413
0.0267857
0.10119
0.0882936
0.108135
0.164683
0.094246
0.0833333
0.0585317
0.10119
0.0962302
0.00992064
0
0
0
0
0
0
0
0
0
0
0
0
0.0109127
0.0109127
0.00892857
0.00496032
0.00595238
0.0198413
0.0238095
0.140873
0.206349
0.200397
0.196429
0.0922619
0.0605159
0.0178571
0
0
0
0
0
0
0
