3.01028
1.98238
1.17474
2.0558
0.587372
0.367107
0.51395
0.146843
0
0
0
0.293686
1.10132
1.68869
3.59765
5.1395
5.87372
6.24082
8.44347
7.56241
6.31425
7.12188
4.18502
3.15712
3.01028
3.67107
1.68869
0.807636
0.220264
0.0734214
0.0734214
0.0734214
0.51395
1.24816
0.734214
0.881057
0.440529
0.293686
0.881057
0.881057
0.954479
3.01028
3.0837
4.1116
2.86344
0.0734214
0
0.146843
0
0
0.146843
0.0734214
0.293686
0.146843
0.293686
0.146843
0.146843
0.293686
0.220264
0.293686
0.293686
0.51395
8.73715
8.44347
8.73715
9.61821
8.81058
10.5727
9.32453
9.17768
7.92952
6.53451
5.1395
0.881057
0.146843
0.0734214
0.146843
0.0734214
0.146843
0.220264
0.293686
0.51395
0.440529
0.367107
0.220264
0.220264
0
0.0734214
0
0.146843
0
0
0
0
0
0
0
0
0
0
0
0
0
0
0
0
0
0.0734214
0.440529
1.68869
1.17474
0.220264
0.220264
1.61527
4.55213
6.75478
4.40529
6.53451
6.24082
4.84582
6.38767
5.72687
5.94714
5.35977
5.50661
4.99266
3.59765
4.69897
3.37739
2.93686
2.20264
2.71659
2.20264
2.71659
2.93686
0
0
0
0
0
0
0
0
0
0
0
0
0
0
0
0
0
0
0
0
0
0
0
0
0
0
0
0
0
0
0
0
0
0
0
0
0
0
0
0
0
0
0
0
0
0
0
0
0
0
0
0
0
0
0
0
0
0
0
0
0
0
0
0
0
0
0
0
0
0
0
0
0
0
0
0
0
0
0
0
0
0
0
0
0
0
0
0
0
0
0
0
0
0
0
0
0
0
0
0
0
0
0
0
0
0
0
0
49.7434
50.257
0
0
0
0
0
0
0
0
0
0
0
0
0
0
0
0
0
0
0
0
0
0
0
0
0
0
0
0
0
0
0
0
0
0
0
0
0
0
0
0
0
0
0
0
0
0
0
0
0
0
0
0
0
0
0
0
0
0
0
0
0
0
0
0.526779
0.0212766
0
0
0.0205429
0.231108
0.00220103
0.00220103
0.00220103
0.00586941
0.0227439
0.0198092
0.0227439
0.00366838
0.00146735
0
0.000733676
0
0.00146735
0.0755686
0.0154072
0
0.000733676
0.000733676
0
0
0
0
0
0
0
0
0.00146735
0.0212766
0
0
0
0
0
0
0
0
0
0
0
0.00146735
0
0.0029347
0.00586941
0.00366838
0.00807043
0.0124725
0.0102715
0.029347
0.0484226
0.0579604
0.0726339
0.114453
0.154806
0.131328
0.126926
0.104916
0.0440205
0.0308144
0.0264123
0.0110051
0.00220103
0
0
0
0
0
0
0
0
0
0
0
0
0.0146735
0.180484
0.0733676
0.0154072
0.0139398
0.0359501
0.0506236
0.0711665
0.146735
0.152605
0.145268
0.0704329
0.027146
0.00220103
0
0
0
0
0
0
0
