1.657
1.07705
0.1657
0.24855
0.1657
0.08285
0.08285
0
0.08285
0
0
0
0.08285
2.89975
6.628
10.1906
8.9478
7.1251
7.7879
6.4623
4.88815
4.3082
4.05965
3.39685
3.23115
3.39685
0.9942
1.1599
1.1599
1.657
1.57415
1.1599
0.91135
0.4971
0
0.41425
0.41425
0.4971
0.8285
1.1599
1.40845
1.73985
1.8227
2.73405
2.9826
0
0
0
0
0
0
0
0.1657
0.08285
0.3314
0.08285
0.1657
0.1657
0.41425
4.4739
4.55675
4.8053
8.20215
7.9536
6.1309
7.4565
6.21375
7.2908
6.21375
6.71085
5.7995
6.37945
5.71665
3.89395
2.9826
2.56835
0.57995
0.24855
0
0.24855
0
0.24855
0
0
0
0
0
0
0
0
0
0
0
0
0
0
0
0
0
0
0
0
0
0
0
0
0
0
1.4913
0.4971
0.6628
0.24855
0.08285
0.9942
2.4855
2.40265
4.971
4.971
3.4797
4.971
4.6396
4.6396
4.4739
3.89395
5.3024
3.9768
4.88815
4.1425
3.9768
5.05385
6.37945
6.21375
5.7995
5.55095
3.89395
0
0
0
0
0
0
0
0
0
0
0
0
0
0
0
0
0
0
0
0
0
0
0
0
0
0
0
0
0
0
0
0
0
0
0
0
0
0
0
0
0
0
0
0
0
0
0
0
0
0
0
0
0
0
0
0
0
0
0
0
0
0
0
0
0
0
0
0
0
0
0
0
0
0
0
0
0
0
0
0
0
0
0
0
0
0
0
0
0
0
0
0
0
0
0
0
0
0
0
0
0
0
0
0
0
0
0
0
47.7651
52.2353
0
0
0
0
0
0
0
0
0
0
0
0
0
0
0
0
0
0
0
0
0
0
0
0
0
0
0
0
0
0
0
0
0
0
0
0
0
0
0
0
0
0
0
0
0
0
0
0
0
0
0
0
0
0
0
0
0
0
0
0
0
0
0
0.125
0.00662252
0
0
0.0389073
0.163907
0.0057947
0.00248344
0.00165563
0.00413907
0.013245
0.0364238
0.202815
0.00910596
0.00331126
0.000827815
0
0.000827815
0.00910596
0.290563
0.0521523
0.00248344
0.000827815
0
0
0
0
0
0
0
0
0
0.0057947
0.0240066
0
0
0
0
0
0
0
0
0
0.00165563
0.00910596
0.00331126
0.00827815
0.00910596
0.0124172
0.0173841
0.0248344
0.0231788
0.0240066
0.0306291
0.0612583
0.0703642
0.113411
0.110099
0.0844371
0.0604305
0.0413907
0.0372517
0.044702
0.0554636
0.0885762
0.0629139
0.0057947
0
0
0
0
0
0
0
0
0
0
0
0
0.0273179
0.144868
0.122517
0.0496689
0.0546358
0.0976821
0.101821
0.107616
0.125828
0.080298
0.0339404
0.0240066
0.0198676
0.00662252
0.00248344
0
0.000827815
0
0
0
0
