2.67296
0.628931
0.786164
0.314465
0
0
0
0
0
0
0
0
0.157233
0.157233
1.41509
5.34591
6.28931
7.86164
11.1635
8.96226
9.43396
7.07547
6.28931
6.13208
3.14465
1.41509
1.41509
0.471698
0
0
0
0
0
0
0
0
0
0
0.157233
0.157233
0.943396
1.10063
4.24528
5.34591
7.07547
0
0
0
0
0
0.157233
0.314465
0.157233
0.786164
0.471698
0.157233
0.314465
0
0.157233
0.314465
3.45912
4.24528
6.76101
8.1761
7.38994
7.38994
6.76101
7.38994
8.1761
4.87422
7.54717
8.33333
7.54717
3.14465
3.45912
0.157233
0.157233
0
0
0.157233
0.943396
0.471698
0.157233
0.157233
0.157233
0.157233
0.157233
0
0
0
0
0
0
0
0
0
0
0
0
0
0
0
0
0
0
0
0.157233
0.314465
0
0.628931
1.72956
0.628931
1.10063
4.08805
6.13208
6.44654
6.13208
6.76101
6.28931
7.23271
6.28931
6.76101
4.87422
4.08805
5.97484
4.24528
2.04403
3.14465
2.98742
3.30189
2.51572
1.25786
2.20126
1.72956
1.10063
0
0
0
0
0
0
0
0
0
0
0
0
0
0
0
0
0
0
0
0
0
0
0
0
0
0
0
0
0
0
0
0
0
0
0
0
0
0
0
0
0
0
0
0
0
0
0
0
0
0
0
0
0
0
0
0
0
0
0
0
0
0
0
0
0
0
0
0
0
0
0
0
0
0
0
0
0
0
0
0
0
0
0
0
0
0
0
0
0
0
0
0
0
0
0
0
0
0
0
0
0
0
0
0
0
0
0
0
48.9797
51.0205
0
0
0
0
0
0
0
0
0
0
0
0
0
0
0
0
0
0
0
0
0
0
0
0
0
0
0
0
0
0
0
0
0
0
0
0
0
0
0
0
0
0
0
0
0
0
0
0
0
0
0
0
0
0
0
0
0
0
0
0
0
0
0
0.912088
0.00627944
0
0
0
0
0
0
0
0
0
0
0
0
0
0
0
0
0
0.00313972
0.00156986
0.00313972
0
0
0
0
0
0
0
0
0
0
0.010989
0.0627944
0
0
0
0
0
0
0
0
0
0.00156986
0.00156986
0.00313972
0
0
0.00627944
0.00470958
0.00784929
0.00470958
0.010989
0.00784929
0.0251177
0.021978
0.0596546
0.0941915
0.158556
0.160126
0.21978
0.127159
0.0675039
0.0172684
0
0
0
0
0
0
0
0
0
0
0
0
0
0
0
0.00313972
0.00313972
0.00470958
0.0141287
0.010989
0.0298273
0.0408163
0.125589
0.180534
0.174254
0.237049
0.0926217
0.0643642
0.0188383
0
0
0
0
0
0
0
