3.13411
2.76968
2.62391
3.207
1.53061
0.801749
0.218659
0.437318
0.728863
0.145773
0.218659
0
0.801749
3.06122
4.59184
5.61225
6.63266
5.3207
5.24782
3.64431
3.64431
3.86297
2.84257
3.49854
3.86297
4.37318
3.93586
2.25948
1.31195
1.38484
1.67639
1.23907
0.364431
0
0.0728863
0.0728863
0.218659
0.437318
0.145773
1.6035
1.6035
1.89504
2.84257
3.06122
3.13411
0.874636
0.364431
0.145773
0.145773
0.145773
0.0728863
0.291545
0
0.0728863
0.145773
0.145773
0.291545
0.218659
0.0728863
0.0728863
0.145773
0.364431
0.145773
6.85132
6.34111
8.52771
9.40234
11.2974
13.0467
17.7843
11.2974
7.58018
0.145773
0.0728863
0.291545
0.0728863
0.291545
0.291545
0.145773
0.364431
0
0.0728863
0.291545
0.145773
0.218659
0.0728863
0
0.145773
0.0728863
1.53061
0
0
0
0
0
0
0
0
0
0
0
0
0
0
0
0
0
0
1.23907
1.67639
0.728863
0.218659
0.145773
2.33236
4.44606
6.19534
3.79009
3.57143
4.51895
5.02916
4.08163
5.02916
5.3207
4.51895
4.15452
3.42566
4.08163
3.13411
3.57143
3.35277
3.64431
5.97668
6.34111
4.51895
5.02916
0
0
0
0
0
0
0
0
0
0
0
0
0
0
0
0
0
0
0
0
0
0
0
0
0
0
0
0
0
0
0
0
0
0
0
0
0
0
0
0
0
0
0
0
0
0
0
0
0
0
0
0
0
0
0
0
0
0
0
0
0
0
0
0
0
0
0
0
0
0
0
0
0
0
0
0
0
0
0
0
0
0
0
0
0
0
0
0
0
0
0
0
0
0
0
0
0
0
0
0
0
0
0
0
0
0
0
0
56.8832
43.1175
0
0
0
0
0
0
0
0
0
0
0
0
0
0
0
0
0
0
0
0
0
0
0
0
0
0
0
0
0
0
0
0
0
0
0
0
0
0
0
0
0
0
0
0
0
0
0
0
0
0
0
0
0
0
0
0
0
0
0
0
0
0
0
0.728332
0.0305899
0
0
0.0458849
0.0961398
0.00364166
0.00291333
0.00801165
0.0167516
0.015295
0.0123816
0
0
0
0
0
0
0
0
0
0.000728332
0
0
0
0
0
0
0
0
0
0
0.00946832
0.0298616
0
0
0
0
0
0
0
0
0
0
0.000728332
0
0.002185
0.00509832
0.00582666
0.0160233
0.0335033
0.0429716
0.0400583
0.0320466
0.0298616
0.0342316
0.0808449
0.0983248
0.172615
0.163875
0.108521
0.0873999
0.0386016
0.00509832
0.002185
0
0
0
0
0
0
0
0
0
0
0
0
0
0
0.00509832
0.0699199
0.0764749
0.0677349
0.0684632
0.0451566
0.0436999
0.0903132
0.128915
0.177713
0.114348
0.0852149
0.0254916
0.00145666
0
0
0
0
0
0
0
