3.44515
1.26927
0
0
0.181324
0.0906618
0
0
0
0
0
0
0.453309
1.45059
4.17044
5.53037
6.98097
7.34361
9.61016
11.5141
7.70626
5.25839
5.98368
5.98368
5.16773
2.81052
1.45059
0.362647
0.271986
0.181324
0.634633
0.362647
0.181324
0.181324
0
0
0
0
0
0
0.0906618
0.453309
2.26655
4.62375
4.07978
0
0
0
0
0
0
0
0
0.0906618
0
0.0906618
0.181324
2.44787
2.26655
2.35721
2.71986
3.53581
4.53309
6.34633
6.70898
7.97825
6.25567
5.7117
5.98368
7.25295
7.34361
6.8903
4.80508
5.34905
4.26111
2.71986
2.71986
0.543971
0.362647
0.453309
0.181324
0
0
0
0
0
0
0
0
0
0
0
0
0
0
0
0
0
0
0
0
0
0
0
0
0
1.63191
0.634633
0.0906618
0.453309
0
0.181324
0.0906618
1.45059
3.35449
7.97825
6.52766
4.17044
5.53037
5.16773
4.9864
4.9864
5.07706
4.62375
4.71442
3.89846
3.35449
2.99184
4.80508
4.44243
5.07706
3.35449
3.98912
3.35449
3.17316
0
0
0
0
0
0
0
0
0
0
0
0
0
0
0
0
0
0
0
0
0
0
0
0
0
0
0
0
0
0
0
0
0
0
0
0
0
0
0
0
0
0
0
0
0
0
0
0
0
0
0
0
0
0
0
0
0
0
0
0
0
0
0
0
0
0
0
0
0
0
0
0
0
0
0
0
0
0
0
0
0
0
0
0
0
0
0
0
0
0
0
0
0
0
0
0
0
0
0
0
0
0
0
0
0
0
0
0
63.7683
36.232
0
0
0
0
0
0
0
0
0
0
0
0
0
0
0
0
0
0
0
0
0
0
0
0
0
0
0
0
0
0
0
0
0
0
0
0
0
0
0
0
0
0
0
0
0
0
0
0
0
0
0
0
0
0
0
0
0
0
0
0
0
0
0
0.337862
0
0
0
0
0
0
0
0
0
0
0
0
0
0
0
0
0
0.00452899
0.468297
0.106884
0.00905797
0.00452899
0.00271739
0
0
0
0
0
0
0
0.000905797
0.0181159
0.0471014
0
0
0
0
0
0
0
0
0.00181159
0.00271739
0.00543478
0.000905797
0.00815217
0.00815217
0.0144928
0.0144928
0.00996377
0.0144928
0.0117754
0.00996377
0.013587
0.013587
0.0344203
0.0344203
0.0597826
0.108696
0.121377
0.0987319
0.0788044
0.0570652
0.13587
0.125906
0.0153986
0
0
0
0
0
0
0
0
0
0
0
0
0.0153986
0.0190217
0.0253623
0.0335145
0.0461957
0.0471014
0.0688406
0.0815217
0.169384
0.223732
0.13587
0.0815217
0.0443841
0.00815217
0
0
0
0
0
0
0
