1.0647
0.900901
1.1466
1.4742
1.8018
0.982801
0.2457
0.3276
0.2457
0
0
0.1638
1.3923
2.7846
4.50451
4.25881
5.56921
6.38821
6.96151
9.25471
8.84521
6.47011
6.55201
4.58641
4.25881
1.3104
0.4095
0.0819001
0
0
0
0
0
0
0
0.0819001
0.3276
0.819001
2.1294
2.5389
1.9656
2.457
2.8665
2.2113
2.7027
0.0819001
0.2457
0.2457
0.2457
0
0.491401
0.737101
0.0819001
0.2457
0.4095
0.4095
0.3276
0.2457
0.655201
0.4095
0.982801
5.48731
8.19001
7.94431
6.38821
5.07781
6.06061
6.47011
6.30631
6.96151
7.45291
8.02621
8.68141
5.24161
1.2285
0.4095
0.2457
0.1638
0.4095
0.491401
0.3276
0.491401
0.491401
0.1638
0.1638
0.491401
0.2457
0.0819001
0.1638
0.4095
0
0
0
0
0
0
0
0
0
0
0
0
0
0
0
0
0
0.1638
1.3104
2.9484
2.7846
0.982801
0.819001
2.2932
2.2113
4.50451
5.15971
5.65111
11.1384
5.15971
4.42261
4.66831
3.6855
4.83211
5.56921
4.66831
3.8493
3.5217
4.17691
3.5217
4.0131
2.7027
3.1941
1.8837
0.2457
0
0
0
0
0
0
0
0
0
0
0
0
0
0
0
0
0
0
0
0
0
0
0
0
0
0
0
0
0
0
0
0
0
0
0
0
0
0
0
0
0
0
0
0
0
0
0
0
0
0
0
0
0
0
0
0
0
0
0
0
0
0
0
0
0
0
0
0
0
0
0
0
0
0
0
0
0
0
0
0
0
0
0
0
0
0
0
0
0
0
0
0
0
0
0
0
0
0
0
0
0
0
0
0
0
0
0
0
38.1341
61.8657
0
0
0
0
0
0
0
0
0
0
0
0
0
0
0
0
0
0
0
0
0
0
0
0
0
0
0
0
0
0
0
0
0
0
0
0
0
0
0
0
0
0
0
0
0
0
0
0
0
0
0
0
0
0
0
0
0
0
0
0
0
0
0
0.0490998
0.00490998
0
0
0.0196399
0.236498
0.00245499
0.000818331
0.000818331
0.000818331
0.00163666
0.0490998
0.13748
0.0507365
0.0114566
0
0
0
0.00736498
0.368249
0.0482815
0.00490998
0.000818331
0.000818331
0.000818331
0
0
0
0
0
0
0
0.00163666
0.00163666
0
0
0
0
0
0
0
0
0.000818331
0
0.00900164
0.00409165
0.00327332
0.00409165
0.00490998
0.00572831
0.0114566
0.00572831
0.0114566
0.0196399
0.0466448
0.0638298
0.0671031
0.108838
0.0703764
0.0630115
0.0711948
0.0589198
0.0687398
0.0818331
0.11293
0.0957447
0.0106383
0
0
0
0
0
0
0
0
0
0
0
0
0.0270049
0.196399
0.0728314
0.0180033
0.0319149
0.0687398
0.102291
0.149754
0.167758
0.0818331
0.0302782
0.0245499
0.0114566
0.0114566
0.00490998
0.000818331
0
0
0
0
0
