2.43902
1.74216
0.174216
1.91638
1.21951
0
0
0
0
0
0
0
0
1.21951
3.13589
6.27178
7.83973
11.1498
9.40767
10.453
9.75611
3.65854
3.48432
4.70383
5.05227
3.13589
0.348432
0.174216
0
0
0
0
0
0
0
0
0
0
0
0.348432
0.87108
2.26481
2.43902
4.70383
2.26481
0
0
0
0
0.174216
0
0.174216
0.174216
0.348432
0.174216
0.348432
0
0.348432
0.522648
2.09059
7.14286
4.00697
6.446
5.92335
4.18118
9.40767
6.62021
6.27178
6.62021
7.49129
9.58189
6.27178
6.09756
2.09059
2.78746
1.91638
1.0453
0.87108
0.174216
0.522648
0
0
0.174216
0
0.174216
0
0
0
0
0
0
0
0
0
0
0
0
0
0
0
0
0
0
0
0
0.174216
0.174216
1.0453
3.13589
2.61324
0.522648
0.174216
0.348432
2.78746
4.87805
5.92335
2.61324
4.52962
5.74913
4.87805
5.4007
5.05227
5.92335
5.05227
4.52962
4.87805
4.00697
5.22648
3.48432
3.48432
3.13589
2.09059
3.13589
2.43902
2.78746
0
0
0
0
0
0
0
0
0
0
0
0
0
0
0
0
0
0
0
0
0
0
0
0
0
0
0
0
0
0
0
0
0
0
0
0
0
0
0
0
0
0
0
0
0
0
0
0
0
0
0
0
0
0
0
0
0
0
0
0
0
0
0
0
0
0
0
0
0
0
0
0
0
0
0
0
0
0
0
0
0
0
0
0
0
0
0
0
0
0
0
0
0
0
0
0
0
0
0
0
0
0
0
0
0
0
0
0
46.6087
53.3913
0
0
0
0
0
0
0
0
0
0
0
0
0
0
0
0
0
0
0
0
0
0
0
0
0
0
0
0
0
0
0
0
0
0
0
0
0
0
0
0
0
0
0
0
0
0
0
0
0
0
0
0
0
0
0
0
0
0
0
0
0
0
0
0.895652
0
0
0
0
0
0
0
0
0
0
0
0
0
0
0
0
0
0
0.00695652
0.00521739
0.00695652
0
0
0
0
0
0
0
0
0
0
0.0173913
0.0678261
0
0
0
0
0
0
0
0
0
0
0.00869565
0.00173913
0.00347826
0.00347826
0.00521739
0.00347826
0.0156522
0.00869565
0.00869565
0.013913
0.0226087
0.0365217
0.053913
0.0747826
0.121739
0.149565
0.193043
0.151304
0.109565
0.013913
0
0
0
0
0
0
0
0
0
0
0
0
0
0
0
0.00869565
0.00521739
0.00869565
0.0208696
0.0104348
0.0295652
0.0486957
0.0869565
0.116522
0.182609
0.22087
0.14087
0.107826
0.0121739
0
0
0
0
0
0
0
