0.673854
1.81941
2.56065
2.29111
4.44744
2.56065
2.49326
2.35849
2.15633
2.62803
2.22372
2.56065
2.08895
2.83019
3.36927
3.36927
2.56065
2.83019
2.69542
2.29111
1.81941
1.41509
2.02156
2.35849
2.89757
4.6496
4.51483
2.08895
2.02156
2.7628
3.43666
2.96496
2.02156
1.61725
1.68464
1.01078
1.28032
1.48248
1.48248
1.34771
1.01078
1.28032
0.943396
0.539084
0.606469
0.404313
0.404313
0.134771
0
0.134771
0.134771
0
0.0673854
0.0673854
0.202156
0.0673854
0.134771
0.269542
0.0673854
0.0673854
0.202156
0
0.202156
0.134771
1.28032
20.283
24.3261
14.8922
11.2534
19.7439
2.69542
0.134771
0
0.336927
0.134771
0.134771
0.202156
0.202156
0.336927
0.202156
0
0
0
0.134771
0.134771
0.336927
0.0673854
0.134771
0.134771
0.269542
0
0
0
0
0
0
0
0
0
0
0
0
0
0
0
0
0
0
0
0
1.48248
1.21294
0.539084
2.69542
5.99731
6.26685
7.07548
5.52561
5.25607
5.79515
5.18868
4.24528
4.58221
3.36927
3.97574
4.24528
4.6496
4.24528
3.50404
3.2345
2.69542
3.57143
3.09973
3.16712
4.44744
0
0
0
0
0
0
0
0
0
0
0
0
0
0
0
0
0
0
0
0
0
0
0
0
0
0
0
0
0
0
0
0
0
0
0
0
0
0
0
0
0
0
0
0
0
0
0
0
0
0
0
0
0
0
0
0
0
0
0
0
0
0
0
0
0
0
0
0
0
0
0
0
0
0
0
0
0
0
0
0
0
0
0
0
0
0
0
0
0
0
0
0
0
0
0
0
0
0
0
0
0
0
0
0
0
0
0
0
40.943
59.0577
0
0
0
0
0
0
0
0
0
0
0
0
0
0
0
0
0
0
0
0
0
0
0
0
0
0
0
0
0
0
0
0
0
0
0
0
0
0
0
0
0
0
0
0
0
0
0
0
0
0
0
0
0
0
0
0
0
0
0
0
0
0
0
0.546128
0.0141414
0
0
0.023569
0.120539
0.000673401
0.0013468
0.003367
0.00875421
0.0208754
0.0282828
0.003367
0
0
0
0
0
0
0.00875421
0.0949495
0.0666667
0.00673401
0.0026936
0.000673401
0
0
0
0
0
0
0
0.0107744
0.0377104
0
0
0
0
0
0
0
0
0
0
0.000673401
0.0013468
0.0013468
0.003367
0.0047138
0.00808081
0.0127946
0.0154882
0.0215488
0.0444444
0.0734007
0.0895623
0.111111
0.121212
0.105724
0.0922559
0.0740741
0.0707071
0.0451178
0.0329966
0.0410774
0.0262626
0.0026936
0
0
0
0
0
0
0
0
0
0
0
0
0.003367
0.0895623
0.0626263
0.0296296
0.0343434
0.0855219
0.113131
0.117845
0.115825
0.113805
0.0835017
0.0915825
0.0390572
0.0127946
0.00606061
0.000673401
0
0.000673401
0
0
0
