3.137
2.8169
1.60051
1.79257
1.34443
0.512164
0.192061
0.128041
0
0
0
0.0640205
0.0640205
1.47247
3.00896
3.84123
6.14597
7.36236
6.40205
7.68246
7.74649
5.18566
4.92958
4.54545
2.56082
1.21639
0.896287
0.704225
0.384123
0
0
0
0
0
0
0.256082
0.640205
1.47247
1.02433
1.53649
3.07298
4.54545
4.54545
3.26504
3.96927
0
0.128041
0.128041
0.256082
0.0640205
0.0640205
0.0640205
0.0640205
0.0640205
0.192061
0.192061
0.256082
0
0.0640205
0.0640205
0.256082
0
0
0.704225
8.06659
11.0115
10.4994
11.8438
15.1088
17.6056
17.4135
2.8169
0.0640205
0.128041
0.320102
0.192061
0.192061
0.0640205
0.320102
0.320102
0.192061
0.0640205
0.192061
0.256082
0.128041
0.0640205
0.320102
0.128041
0.192061
0
0
0
0
0
0
0
0
0
0
0
0
0
0
0
0
0
0
0
0
0.512164
1.08835
1.66453
0.640205
4.28937
5.44174
6.27401
5.56978
5.50576
4.73752
4.92958
3.96927
4.28937
4.16133
4.48143
4.41741
4.60947
3.58515
4.16133
4.80154
4.60947
4.03329
5.3137
2.88092
3.00896
1.08835
0
0
0
0
0
0
0
0
0
0
0
0
0
0
0
0
0
0
0
0
0
0
0
0
0
0
0
0
0
0
0
0
0
0
0
0
0
0
0
0
0
0
0
0
0
0
0
0
0
0
0
0
0
0
0
0
0
0
0
0
0
0
0
0
0
0
0
0
0
0
0
0
0
0
0
0
0
0
0
0
0
0
0
0
0
0
0
0
0
0
0
0
0
0
0
0
0
0
0
0
0
0
0
0
0
0
0
0
48.4967
51.5038
0
0
0
0
0
0
0
0
0
0
0
0
0
0
0
0
0
0
0
0
0
0
0
0
0
0
0
0
0
0
0
0
0
0
0
0
0
0
0
0
0
0
0
0
0
0
0
0
0
0
0
0
0
0
0
0
0
0
0
0
0
0
0
0.65771
0.0159949
0
0
0.0383877
0.127319
0.000639795
0.00255918
0.00447857
0.00319898
0.0115163
0.0505438
0
0
0
0
0
0
0.000639795
0.0230326
0.0185541
0.00127959
0.00127959
0.000639795
0
0
0
0
0
0
0
0
0.0108765
0.03135
0
0
0
0
0
0
0
0
0
0.000639795
0
0.00191939
0.000639795
0.00127959
0.00447857
0.00639795
0.00767754
0.00959693
0.0172745
0.0255918
0.0428663
0.0722969
0.103647
0.175304
0.18874
0.109405
0.0998081
0.0774152
0.0262316
0.0121561
0.00895713
0.00767754
0
0
0
0
0
0
0
0
0
0
0
0
0
0.0127959
0.0946897
0.0703775
0.0191939
0.0179143
0.0383877
0.0697377
0.173385
0.177223
0.126679
0.104926
0.0684581
0.0243122
0.00191939
0
0
0
0
0
0
0
