2.9703
1.48515
1.65016
1.65016
2.22772
1.23762
0.330033
0.165017
0.165017
0.330033
0.577558
1.15512
1.65016
2.47525
2.80528
7.26072
5.28053
6.0231
4.95049
5.19802
4.95049
3.87789
3.13531
3.54786
2.72277
2.72277
3.13531
2.47525
2.64026
1.9802
0.660066
0.49505
0.165017
0
0.0825083
0
0.247525
0.990099
1.65016
1.73267
2.14521
2.06271
3.21782
2.47525
3.38284
0.0825083
0
0.165017
0.247525
0.330033
0.330033
0.165017
0.412541
0.577558
0.0825083
0.247525
0.0825083
0
0.247525
0.0825083
0.165017
0.0825083
0.990099
6.76567
10.7261
12.5412
9.40593
7.50825
8.66336
8.66336
12.2937
13.4488
2.72277
0.412541
0.165017
0.412541
0.49505
0
0.165017
0
0.247525
0.0825083
0.247525
0
0.247525
0.0825083
0.165017
0.247525
0
0.0825083
0
0
0
0
0
0
0
0
0
0
0
0
0
0
0
0
0
0
0.660066
1.32013
1.07261
0.825083
0.330033
3.05281
4.53795
3.38284
5.44554
4.78548
5.033
4.95049
4.53795
3.9604
5.11551
5.19802
6.51815
6.0231
4.29043
3.87789
4.04291
3.46535
4.12541
3.79538
2.9703
3.13531
3.63036
0
0
0
0
0
0
0
0
0
0
0
0
0
0
0
0
0
0
0
0
0
0
0
0
0
0
0
0
0
0
0
0
0
0
0
0
0
0
0
0
0
0
0
0
0
0
0
0
0
0
0
0
0
0
0
0
0
0
0
0
0
0
0
0
0
0
0
0
0
0
0
0
0
0
0
0
0
0
0
0
0
0
0
0
0
0
0
0
0
0
0
0
0
0
0
0
0
0
0
0
0
0
0
0
0
0
0
0
47.7326
52.2668
0
0
0
0
0
0
0
0
0
0
0
0
0
0
0
0
0
0
0
0
0
0
0
0
0
0
0
0
0
0
0
0
0
0
0
0
0
0
0
0
0
0
0
0
0
0
0
0
0
0
0
0
0
0
0
0
0
0
0
0
0
0
0
0.382523
0.0148392
0
0
0.0568838
0.139324
0.00247321
0.0016488
0.00741962
0.0107172
0.0247321
0.0445177
0.164056
0.0206101
0.00577082
0.00247321
0
0.000824402
0.00577082
0.0981039
0.0131904
0
0
0
0
0
0
0
0
0
0
0
0
0.00412201
0
0
0
0
0
0
0
0
0
0
0.00329761
0.0016488
0.00577082
0.00906843
0.00906843
0.016488
0.0173124
0.0296785
0.0313273
0.0568838
0.084089
0.0948063
0.0915087
0.118714
0.101401
0.0692498
0.0783182
0.0659522
0.0544106
0.0230833
0.0206101
0.012366
0.00494641
0
0
0
0
0
0
0
0
0
0
0
0
0.016488
0.133553
0.107997
0.0585326
0.0733718
0.122012
0.119538
0.0816158
0.055235
0.0659522
0.0750206
0.0494641
0.0272053
0.00989283
0.00247321
0.0016488
0
0
0
0
0
