4.23892
2.11946
1.2203
1.15607
0.513809
1.09184
2.37636
2.24791
1.2203
0.642261
0
0.256904
1.15607
1.15607
1.15607
2.24791
2.18369
4.36738
6.80797
7.1291
7.96404
9.31279
4.56005
1.99101
1.79833
1.28452
0.899165
0.385356
0.32113
0.256904
0.128452
0.192678
0
0.0642261
0
0.32113
1.09184
1.15607
1.2203
2.9544
3.27553
3.14708
4.56005
5.52345
4.36738
0.0642261
0.0642261
0.128452
0.0642261
0.128452
0.0642261
0.128452
0.128452
0.128452
0.128452
0
0.0642261
0
0.128452
0.128452
0.256904
0
0.128452
0.128452
0.0642261
20.5524
27.553
24.4702
13.2306
10.6615
0.128452
0
0.192678
0.128452
0
0.0642261
0
0.128452
0.128452
0.0642261
0.128452
0.128452
0.192678
0.0642261
0.0642261
0.128452
0.0642261
0
0.0642261
0
0
0
0
0
0
0
0
0
0
0
0
0
0
0
0
0
0
0
0
0
0.256904
1.34875
2.44059
6.03726
8.09249
7.77136
6.55106
5.71612
8.15672
6.35839
4.75273
6.29416
4.11047
5.07386
3.72511
3.91779
3.33976
3.2113
2.76172
1.92678
1.92678
1.02762
1.79833
1.99101
1.4772
0
0
0
0
0
0
0
0
0
0
0
0
0
0
0
0
0
0
0
0
0
0
0
0
0
0
0
0
0
0
0
0
0
0
0
0
0
0
0
0
0
0
0
0
0
0
0
0
0
0
0
0
0
0
0
0
0
0
0
0
0
0
0
0
0
0
0
0
0
0
0
0
0
0
0
0
0
0
0
0
0
0
0
0
0
0
0
0
0
0
0
0
0
0
0
0
0
0
0
0
0
0
0
0
0
0
0
0
49.4225
50.5779
0
0
0
0
0
0
0
0
0
0
0
0
0
0
0
0
0
0
0
0
0
0
0
0
0
0
0
0
0
0
0
0
0
0
0
0
0
0
0
0
0
0
0
0
0
0
0
0
0
0
0
0
0
0
0
0
0
0
0
0
0
0
0
0.240051
0.00449294
0
0
0.029525
0.158537
0.000641849
0.0012837
0.000641849
0.00192555
0.000641849
0.00449294
0.021181
0.0359435
0.00577664
0
0
0
0.00320924
0.268935
0.0988447
0.0744544
0.00320924
0.00192555
0
0
0
0
0
0
0
0
0.0109114
0.0333761
0
0
0
0
0
0
0
0.000641849
0.0012837
0.0012837
0.00256739
0.000641849
0.00320924
0.0012837
0.00320924
0.00385109
0.00449294
0.00256739
0.0141207
0.0231065
0.0590501
0.0866496
0.0783055
0.0917843
0.0699615
0.0629012
0.0757381
0.0616175
0.0866496
0.10077
0.10077
0.0539153
0.00962773
0
0
0
0
0
0
0
0
0
0
0
0
0.0160462
0.127086
0.0622593
0.0224647
0.0173299
0.0545571
0.129012
0.169448
0.153402
0.0911425
0.0603338
0.0532734
0.029525
0.0109114
0.00320924
0
0
0
0
0
0
