1.89215
1.70293
1.41911
1.41911
0.946074
0.567644
0.0946074
0
0
0
0
0
0
0.851466
4.91958
6.24409
5.96026
7.7578
8.42006
9.64995
8.32545
8.04163
3.97351
4.06812
2.36518
1.70293
0.756859
0
0
0
0
0
0
0
0
0
0
0.283822
0.756859
2.08136
3.02744
2.17597
4.25733
3.68969
2.74361
0
0
0.0946074
0.0946074
0.0946074
0
0.189215
0.37843
0.283822
0.283822
0.37843
0.0946074
0.473037
0.283822
0.567644
0.662252
4.06812
4.44655
5.77105
7.47398
6.05487
9.64995
8.79848
8.60927
10.6906
9.83917
10.123
5.48723
1.79754
0.756859
0.283822
0.189215
0.0946074
0.283822
0.851466
0.0946074
0
0.283822
0.283822
0.283822
0
0
0
0
0
0
0
0
0
0
0
0
0
0
0
0
0
0
0
0
0
0
0.189215
1.60833
3.31126
1.04068
0.567644
0.0946074
2.64901
4.73037
4.63576
4.82498
5.1088
5.29801
5.96026
6.05487
6.62252
4.54115
5.58183
4.44655
3.97351
4.06812
5.48723
5.01419
4.16272
3.50047
2.45979
2.17597
1.13529
0.851466
0
0
0
0
0
0
0
0
0
0
0
0
0
0
0
0
0
0
0
0
0
0
0
0
0
0
0
0
0
0
0
0
0
0
0
0
0
0
0
0
0
0
0
0
0
0
0
0
0
0
0
0
0
0
0
0
0
0
0
0
0
0
0
0
0
0
0
0
0
0
0
0
0
0
0
0
0
0
0
0
0
0
0
0
0
0
0
0
0
0
0
0
0
0
0
0
0
0
0
0
0
0
0
0
0
0
0
0
49.3383
50.6615
0
0
0
0
0
0
0
0
0
0
0
0
0
0
0
0
0
0
0
0
0
0
0
0
0
0
0
0
0
0
0
0
0
0
0
0
0
0
0
0
0
0
0
0
0
0
0
0
0
0
0
0
0
0
0
0
0
0
0
0
0
0
0
0.57845
0
0
0
0
0
0
0
0
0
0
0
0
0
0
0
0
0
0.00094518
0.287335
0.084121
0.00189036
0.00378072
0.00283554
0.00094518
0
0
0
0
0
0
0
0.010397
0.0293006
0
0
0
0
0
0
0
0
0.00189036
0
0.00378072
0.00378072
0.00567108
0.0047259
0.00661626
0.0113422
0.00850662
0.0160681
0.0236295
0.0340265
0.0274102
0.047259
0.0482042
0.0425331
0.0586011
0.0850662
0.149338
0.0954631
0.0604915
0.0434783
0.10586
0.0992439
0.0170132
0
0
0
0
0
0
0
0
0
0
0
0
0.010397
0.0094518
0.0302457
0.0293006
0.0283554
0.0444234
0.0916824
0.0784499
0.170132
0.180529
0.169187
0.100189
0.0519849
0.00378072
0.00189036
0
0
0
0
0
0
