2.48597
2.64635
1.68404
1.44346
1.60385
1.52366
1.76423
1.76423
2.24539
2.64635
2.56616
2.00481
1.68404
2.72654
4.17001
2.40577
3.44828
4.08982
4.00963
3.84924
3.76905
2.24539
1.84443
1.0425
1.68404
2.24539
2.48597
2.72654
2.96712
2.32558
2.24539
2.32558
2.1652
1.44346
0.801925
0.721732
1.20289
0.962309
1.76423
1.60385
2.00481
1.52366
2.1652
2.80674
2.24539
0.481155
0.160385
0.0801925
0.0801925
0.0801925
0
0
0
0
0.0801925
0.0801925
0
0
0.160385
0.160385
0.160385
0.160385
0.0801925
0.0801925
0
13.312
24.2983
22.3737
24.6993
11.3071
0
0.0801925
0.0801925
0.160385
0.0801925
0.0801925
0
0.0801925
0
0
0.160385
0
0.240577
0.0801925
0.160385
0
0
0.160385
0.160385
0.721732
0
0
0
0
0
0
0
0
0
0
0
0
0
0
0
0
0
0
0
0
0.962309
0.561347
0.561347
4.73136
4.57097
5.85405
5.21251
4.17001
5.05213
4.81155
4.3304
4.2502
4.89174
5.13232
5.05213
5.21251
3.28789
2.48597
3.76905
2.88693
3.28789
3.12751
4.41059
5.69367
5.77386
0
0
0
0
0
0
0
0
0
0
0
0
0
0
0
0
0
0
0
0
0
0
0
0
0
0
0
0
0
0
0
0
0
0
0
0
0
0
0
0
0
0
0
0
0
0
0
0
0
0
0
0
0
0
0
0
0
0
0
0
0
0
0
0
0
0
0
0
0
0
0
0
0
0
0
0
0
0
0
0
0
0
0
0
0
0
0
0
0
0
0
0
0
0
0
0
0
0
0
0
0
0
0
0
0
0
0
0
48.6377
51.362
0
0
0
0
0
0
0
0
0
0
0
0
0
0
0
0
0
0
0
0
0
0
0
0
0
0
0
0
0
0
0
0
0
0
0
0
0
0
0
0
0
0
0
0
0
0
0
0
0
0
0
0
0
0
0
0
0
0
0
0
0
0
0
0.236378
0.0240385
0
0
0.0360577
0.247596
0.00320513
0.00240385
0.00400641
0.00641026
0.025641
0.025641
0.0160256
0.00240385
0.000801282
0
0
0
0.00320513
0.127404
0.0873397
0.120994
0.00320513
0.00240385
0
0
0
0
0
0
0
0
0.00400641
0.0208333
0
0
0
0
0
0
0
0
0.00160256
0
0
0
0.00240385
0.00320513
0.00160256
0.00721154
0.00801282
0.0088141
0.0104167
0.0240385
0.0560897
0.0873397
0.0729167
0.106571
0.0913462
0.0929487
0.0777244
0.0841346
0.0801282
0.0608974
0.0809295
0.0320513
0.00961538
0
0
0
0
0
0
0
0
0
0
0
0
0.0144231
0.199519
0.0833333
0.0184295
0.0160256
0.0464744
0.0905449
0.109776
0.0961538
0.107372
0.0777244
0.0649038
0.0576923
0.0088141
0.00641026
0.000801282
0.00160256
0
0
0
0
