1.6129
0.16129
0.16129
1.29032
0.483871
0.16129
0.16129
0
0.16129
0
0.483871
0
0.483871
2.41935
4.67742
7.25806
9.83871
8.38709
7.09677
9.83871
9.51612
9.19354
5.32258
2.25806
4.35484
1.93548
1.29032
0.483871
0.16129
0
0
0.16129
0.483871
0
0
0
0
0
0
0
1.12903
1.77419
2.09677
2.58065
2.74194
0
0
0
0
0
0
0
0.16129
0
0
0
0.322581
1.29032
3.87097
3.06452
3.22581
6.12903
5.64516
4.67742
5.96774
5
7.09677
5.64516
6.6129
6.29032
6.6129
6.45161
5.16129
4.35484
3.54839
4.67742
1.93548
1.12903
0.322581
0.16129
0.322581
0
0.16129
0.16129
0
0
0.16129
0
0
0
0
0
0
0
0
0
0
0
0
0
0
0
0
0.16129
0.322581
0.16129
1.45161
1.12903
1.45161
0.806452
0.16129
0.16129
0.483871
2.41935
6.45161
4.03226
5.16129
5.32258
4.03226
3.54839
5.96774
5.64516
5.32258
5.64516
5
6.29032
4.03226
3.70968
2.41935
0.967742
1.93548
2.58065
4.83871
3.70968
4.83871
0
0
0
0
0
0
0
0
0
0
0
0
0
0
0
0
0
0
0
0
0
0
0
0
0
0
0
0
0
0
0
0
0
0
0
0
0
0
0
0
0
0
0
0
0
0
0
0
0
0
0
0
0
0
0
0
0
0
0
0
0
0
0
0
0
0
0
0
0
0
0
0
0
0
0
0
0
0
0
0
0
0
0
0
0
0
0
0
0
0
0
0
0
0
0
0
0
0
0
0
0
0
0
0
0
0
0
0
60.2252
39.7745
0
0
0
0
0
0
0
0
0
0
0
0
0
0
0
0
0
0
0
0
0
0
0
0
0
0
0
0
0
0
0
0
0
0
0
0
0
0
0
0
0
0
0
0
0
0
0
0
0
0
0
0
0
0
0
0
0
0
0
0
0
0
0
0.872786
0
0
0
0
0
0
0
0
0
0
0
0
0
0
0
0
0
0
0.0144928
0.0193237
0.00322061
0
0.00322061
0
0
0
0
0
0
0
0
0.00483092
0.0821256
0
0
0
0
0
0
0
0
0.00161031
0.00322061
0.00161031
0.00322061
0.0128824
0.0144928
0.0128824
0.0112721
0.0144928
0.0177134
0.0193237
0.0161031
0.0193237
0.0466989
0.0660225
0.0724638
0.0676328
0.111111
0.198068
0.152979
0.0853462
0.0515298
0
0
0
0
0
0
0
0
0
0
0
0
0
0
0
0.0112721
0.0144928
0.0225443
0.0386473
0.0257649
0.0273752
0.0708535
0.10306
0.0644122
0.136876
0.219002
0.148148
0.078905
0.0354267
0.00322061
0
0
0
0
0
0
