1.42959
0.714796
1.57255
1.85847
3.00214
2.85918
2.43031
2.57327
2.57327
1.71551
2.78771
3.28806
3.1451
2.85918
2.57327
2.28735
2.07291
1.71551
2.00143
1.71551
2.50179
2.57327
2.64475
3.35954
2.14439
3.00214
3.28806
3.71694
4.00286
4.28878
3.00214
3.35954
2.43031
1.28663
0.857755
1.07219
1.00071
0.857755
0.714796
1.50107
1.71551
1.28663
1.78699
1.00071
1.50107
1.64403
0.643317
0.357398
0.214439
0.214439
0.357398
0.214439
0.285919
0.285919
0.214439
0.357398
0.0714796
0.214439
0.214439
0.142959
0.428878
0.214439
0.0714796
0.142959
5.28949
14.9393
17.0837
21.015
13.0093
10.436
5.64689
0.357398
0.0714796
0.142959
0.142959
0.214439
0.142959
0.357398
0.0714796
0.285919
0.0714796
0.285919
0.142959
0.214439
0.214439
0.357398
0.357398
0.714796
0.643317
1.57255
0
0
0
0
0
0
0
0
0
0
0
0
0
0
0
0
0
0
0
2.28735
0.714796
0.571837
0.786276
2.71623
7.86277
11.3653
7.21945
5.21801
5.21801
5.28949
4.28878
3.71694
3.8599
3.57398
3.78842
3.43102
4.14582
4.36026
2.14439
2.78771
1.35811
1.78699
3.5025
4.86062
3.21658
0
0
0
0
0
0
0
0
0
0
0
0
0
0
0
0
0
0
0
0
0
0
0
0
0
0
0
0
0
0
0
0
0
0
0
0
0
0
0
0
0
0
0
0
0
0
0
0
0
0
0
0
0
0
0
0
0
0
0
0
0
0
0
0
0
0
0
0
0
0
0
0
0
0
0
0
0
0
0
0
0
0
0
0
0
0
0
0
0
0
0
0
0
0
0
0
0
0
0
0
0
0
0
0
0
0
0
0
44.0002
56.0005
0
0
0
0
0
0
0
0
0
0
0
0
0
0
0
0
0
0
0
0
0
0
0
0
0
0
0
0
0
0
0
0
0
0
0
0
0
0
0
0
0
0
0
0
0
0
0
0
0
0
0
0
0
0
0
0
0
0
0
0
0
0
0
0.232857
0
0
0
0.01
0.112857
0.00285714
0.00142857
0
0.00142857
0.00142857
0.00214286
0.00714286
0.0228571
0.0135714
0.000714286
0
0
0.00428571
0.275714
0.120714
0.0864286
0.0135714
0.0128571
0.000714286
0
0
0
0
0
0
0.000714286
0.0178571
0.0578571
0
0
0
0
0
0
0
0
0.000714286
0.00285714
0.000714286
0.00357143
0.00571429
0.00571429
0.00714286
0.00785714
0.02
0.0235714
0.0378571
0.065
0.0514286
0.0507143
0.0671429
0.106429
0.104286
0.075
0.0585714
0.04
0.0364286
0.0764286
0.0914286
0.0528571
0.00857143
0
0
0
0
0
0
0
0
0
0
0
0
0.0221429
0.0835714
0.0585714
0.0392857
0.0907143
0.154286
0.0964286
0.0907143
0.151429
0.0692857
0.0471429
0.0585714
0.0264286
0.00928571
0.00214286
0
0
0
0
0
0
