2.99601
2.46338
2.33023
1.33156
1.06525
0.466045
0.266312
0.199734
0.133156
0
0.133156
0.0665779
0.133156
2.19707
3.39547
5.59254
7.19041
6.85752
6.12517
6.3249
6.25832
5.19308
4.06125
2.3968
3.79494
2.19707
2.3968
1.66445
0.532623
0.266312
0.199734
0
0
0.0665779
0.199734
0.865513
0.998669
1.26498
0.932091
1.39814
2.13049
3.12916
2.72969
4.26099
3.86152
0.133156
0.133156
0.199734
0.0665779
0.266312
0.133156
0
0.199734
0.266312
0.199734
0.199734
0.133156
0.332889
0.0665779
0.266312
0.133156
0.199734
0.266312
5.52597
7.39015
9.72037
9.05459
11.9174
12.9161
12.783
13.6485
9.92011
0.199734
0.199734
0.399467
0.0665779
0.133156
0.133156
0.266312
0.332889
0.199734
0.133156
0.133156
0.199734
0.0665779
0.266312
0.266312
0.332889
0.199734
0.466045
0
0
0
0
0
0
0
0
0
0
0
0
0
0
0
0
0
0
0.599201
1.39814
1.53129
0.865513
0.532623
2.33023
6.25832
7.25699
5.79228
5.52597
5.19308
3.86152
5.59254
4.66045
5.05992
3.66178
3.12916
4.5273
4.06125
3.66178
3.19574
3.46205
3.52863
2.92943
4.72703
4.86019
1.86418
0
0
0
0
0
0
0
0
0
0
0
0
0
0
0
0
0
0
0
0
0
0
0
0
0
0
0
0
0
0
0
0
0
0
0
0
0
0
0
0
0
0
0
0
0
0
0
0
0
0
0
0
0
0
0
0
0
0
0
0
0
0
0
0
0
0
0
0
0
0
0
0
0
0
0
0
0
0
0
0
0
0
0
0
0
0
0
0
0
0
0
0
0
0
0
0
0
0
0
0
0
0
0
0
0
0
0
0
47.4383
52.5612
0
0
0
0
0
0
0
0
0
0
0
0
0
0
0
0
0
0
0
0
0
0
0
0
0
0
0
0
0
0
0
0
0
0
0
0
0
0
0
0
0
0
0
0
0
0
0
0
0
0
0
0
0
0
0
0
0
0
0
0
0
0
0
0.699268
0.0172987
0
0
0.0452428
0.109115
0.00133067
0.00266134
0.00332668
0.00532269
0.0206254
0.0326015
0.00465735
0
0
0
0
0
0
0.0133067
0.0073187
0.000665336
0.00332668
0.000665336
0
0
0
0
0
0
0
0
0.00532269
0.0279441
0
0
0
0
0
0
0
0.00133067
0
0
0.000665336
0.00199601
0.00199601
0.00266134
0.00465735
0.00465735
0.0106454
0.0073187
0.0166334
0.0286094
0.0352628
0.0538922
0.115103
0.169661
0.195609
0.115103
0.102462
0.0825017
0.0352628
0.00598802
0.00532269
0.00266134
0
0
0
0
0
0
0
0
0
0
0
0
0
0.00598802
0.0944777
0.0665336
0.0239521
0.0226214
0.0379242
0.0572189
0.155689
0.170326
0.157685
0.0964737
0.0878244
0.0226214
0.000665336
0
0
0
0
0
0
0
