1.12749
0.954033
0.867303
0.433651
0.173461
0.260191
0.433651
0
0.0867303
0.173461
0.433651
1.04076
1.56114
2.60191
5.29055
8.93322
5.63747
6.33131
5.89766
3.64267
5.29055
4.42324
5.81093
4.77017
5.11709
4.07632
1.12749
1.04076
0.867303
0.520382
0.346921
0.433651
0.607112
1.90807
1.73461
0.780572
0.780572
0.520382
0.607112
1.04076
1.12749
1.82134
3.55594
3.20902
2.68864
0.173461
0.260191
0
0.260191
0.433651
0.433651
0.173461
0.260191
0.173461
0.260191
0
0.0867303
0.173461
0.173461
0.0867303
4.77017
5.37728
4.07632
4.8569
5.7242
6.93843
7.719
9.71379
9.36687
7.80573
6.24458
4.94363
4.50997
5.89766
7.54554
0.520382
0.173461
0.173461
0
0.173461
0.0867303
0
0.0867303
0.173461
0
0
0.0867303
0.0867303
0.0867303
0
0
0
0
0
0
0
0
0
0
0
0
0
0
0
0
0
0
0.780572
1.04076
0.693842
0.607112
0.346921
0.780572
1.12749
2.34172
5.03036
3.81613
4.16305
5.03036
4.33651
7.28535
4.50997
6.41804
4.8569
5.37728
4.94363
4.42324
5.81093
3.90286
3.7294
3.90286
3.03556
4.07632
3.98959
3.7294
0
0
0
0
0
0
0
0
0
0
0
0
0
0
0
0
0
0
0
0
0
0
0
0
0
0
0
0
0
0
0
0
0
0
0
0
0
0
0
0
0
0
0
0
0
0
0
0
0
0
0
0
0
0
0
0
0
0
0
0
0
0
0
0
0
0
0
0
0
0
0
0
0
0
0
0
0
0
0
0
0
0
0
0
0
0
0
0
0
0
0
0
0
0
0
0
0
0
0
0
0
0
0
0
0
0
0
0
53.206
46.7936
0
0
0
0
0
0
0
0
0
0
0
0
0
0
0
0
0
0
0
0
0
0
0
0
0
0
0
0
0
0
0
0
0
0
0
0
0
0
0
0
0
0
0
0
0
0
0
0
0
0
0
0
0
0
0
0
0
0
0
0
0
0
0
0.0667244
0.0147314
0
0
0.0779896
0.246101
0.0034662
0.00259965
0.0034662
0.0129983
0.0242634
0.0701906
0.118718
0.0164645
0.00953206
0
0
0
0.0129983
0.240901
0.067591
0.0017331
0
0
0
0
0
0
0
0
0
0
0.000866551
0.00866551
0
0
0
0
0
0
0
0
0.000866551
0
0.00693241
0
0.00606586
0.00866551
0.0103986
0.0112652
0.0121317
0.0216638
0.0355286
0.0537262
0.07539
0.0641248
0.0909879
0.129116
0.0762565
0.0892548
0.0641248
0.0337955
0.034662
0.0485269
0.0727903
0.0441941
0.00953206
0
0
0
0
0
0
0
0
0
0
0
0
0.0398614
0.227903
0.121317
0.0537262
0.0459272
0.0632582
0.103986
0.0944541
0.0901213
0.0771231
0.0329289
0.0181976
0.0138648
0.00953206
0.00693241
0.000866551
0
0
0
0
0
