1.46484
0.78125
0.878906
1.26953
0.683594
0.0976563
0.0976563
0
0
0
0
0
0
1.07422
5.37109
4.6875
6.64063
8.30078
6.93359
11.2305
8.00781
6.34766
4.29688
3.125
2.92969
0.78125
0.78125
0.195313
0
0
0
0
0
0
0
0
0.0976563
0.195313
1.95313
3.71094
3.51563
3.51563
4.29688
3.61328
3.22266
0
0
0
0.195313
0
0.0976563
0.0976563
0.195313
0.0976563
0.292969
0.0976563
0
0.0976563
0.195313
0.390625
0.195313
0.390625
3.80859
8.78906
9.375
8.20313
8.98438
9.86328
9.96094
10.2539
10.9375
10.2539
4.88281
0.195313
0.292969
0.292969
0.195313
0.488281
0.0976563
0.0976563
0.390625
0.0976563
0.0976563
0.0976563
0
0.0976563
0
0
0
0
0
0
0
0
0
0
0
0
0
0
0
0
0
0
0
0
0
0
0.683594
1.26953
1.75781
0.683594
0.488281
2.24609
4.39453
4.39453
5.85938
5.85938
5.07813
4.78516
4.58984
5.07813
5.07813
5.66406
5.07813
6.34766
6.05469
5.37109
6.15234
5.27344
2.53906
1.36719
1.66016
1.17188
1.17188
0
0
0
0
0
0
0
0
0
0
0
0
0
0
0
0
0
0
0
0
0
0
0
0
0
0
0
0
0
0
0
0
0
0
0
0
0
0
0
0
0
0
0
0
0
0
0
0
0
0
0
0
0
0
0
0
0
0
0
0
0
0
0
0
0
0
0
0
0
0
0
0
0
0
0
0
0
0
0
0
0
0
0
0
0
0
0
0
0
0
0
0
0
0
0
0
0
0
0
0
0
0
0
0
0
0
0
0
45.5609
54.439
0
0
0
0
0
0
0
0
0
0
0
0
0
0
0
0
0
0
0
0
0
0
0
0
0
0
0
0
0
0
0
0
0
0
0
0
0
0
0
0
0
0
0
0
0
0
0
0
0
0
0
0
0
0
0
0
0
0
0
0
0
0
0
0.627317
0
0
0
0
0
0
0
0
0
0
0
0
0
0
0
0
0
0
0.227317
0.10439
0.00292683
0.00097561
0
0
0
0
0
0
0
0
0.00097561
0.0097561
0.0263415
0
0
0
0
0
0
0
0
0
0.00097561
0.00292683
0.00097561
0.00292683
0.00097561
0.00195122
0.00390244
0.0097561
0.0146341
0.00878049
0.0107317
0.0156098
0.0360976
0.062439
0.0917073
0.0780488
0.100488
0.142439
0.0946341
0.0712195
0.0312195
0.101463
0.103415
0.0126829
0
0
0
0
0
0
0
0
0
0
0
0
0.00780488
0.00097561
0.0097561
0.017561
0.022439
0.0243902
0.0614634
0.148293
0.181463
0.198049
0.166829
0.0897561
0.0585366
0.0126829
0
0
0
0
0
0
0
