2.14067
1.52905
0.458716
0.152905
0.30581
0.458716
0
0
0
0
0
0
0
1.37615
3.0581
5.65749
8.25688
8.71559
8.25688
9.48012
7.79816
7.95107
5.35168
3.21101
4.28135
3.51682
1.22324
1.07034
0.458716
0.152905
0.152905
0
0
0
0
0
0
0
0
0.152905
2.29358
3.21101
3.36391
2.75229
3.36391
0
0
0
0
0
0
0
0.152905
0.30581
0.30581
0.30581
0.30581
0.458716
0.458716
3.66973
2.9052
3.82263
8.25688
6.88073
7.64526
6.11621
5.8104
5.04587
6.72783
6.57492
6.88073
5.65749
7.64526
6.26911
3.66973
1.68196
0.30581
0
0.30581
0.458716
0.458716
0.611621
0.30581
0
0.152905
0
0
0
0
0
0
0
0
0
0
0
0
0
0
0
0
0
0
0
0
0
0
1.37615
1.37615
1.22324
0.611621
1.22324
0.458716
2.75229
4.12844
5.35168
6.42202
3.36391
5.35168
5.04587
5.50459
6.57492
6.72783
5.8104
5.8104
4.28135
3.51682
3.36391
3.0581
3.21101
2.9052
2.75229
1.68196
2.9052
3.36391
0
0
0
0
0
0
0
0
0
0
0
0
0
0
0
0
0
0
0
0
0
0
0
0
0
0
0
0
0
0
0
0
0
0
0
0
0
0
0
0
0
0
0
0
0
0
0
0
0
0
0
0
0
0
0
0
0
0
0
0
0
0
0
0
0
0
0
0
0
0
0
0
0
0
0
0
0
0
0
0
0
0
0
0
0
0
0
0
0
0
0
0
0
0
0
0
0
0
0
0
0
0
0
0
0
0
0
0
48.7023
51.2977
0
0
0
0
0
0
0
0
0
0
0
0
0
0
0
0
0
0
0
0
0
0
0
0
0
0
0
0
0
0
0
0
0
0
0
0
0
0
0
0
0
0
0
0
0
0
0
0
0
0
0
0
0
0
0
0
0
0
0
0
0
0
0
0.90687
0
0
0
0
0
0
0
0
0
0
0
0
0
0
0
0
0
0
0.00152672
0.00916031
0.00152672
0.00152672
0.00152672
0
0
0
0
0
0
0
0
0.0122137
0.0656489
0
0
0
0
0
0
0
0.00152672
0.00152672
0.00152672
0.00610687
0.00152672
0
0.00305344
0.00763359
0.00305344
0.00610687
0.0167939
0.0274809
0.070229
0.0564886
0.0351145
0.0503817
0.0610687
0.0748092
0.114504
0.207634
0.154198
0.0824427
0.0167939
0
0
0
0
0
0
0
0
0
0
0
0
0
0
0
0.010687
0.00152672
0.010687
0.0122137
0.0458015
0.112977
0.0610687
0.0748092
0.0900763
0.10229
0.245802
0.131298
0.0870229
0.0137405
0
0
0
0
0
0
0
