3.10613
1.29422
1.3805
1.29422
1.29422
0.776532
0.345125
0.258844
0.172563
0.345125
0.345125
0.258844
1.98447
2.24331
3.19241
3.45125
4.1415
5.43572
7.33391
8.11044
6.12597
5.60828
4.91803
3.62381
2.58844
1.63934
0.431406
0.431406
0.258844
0.0862813
0
0
0
0
0.0862813
0.345125
0.431406
0.603969
1.89819
4.91803
4.57291
4.40035
3.79638
3.62381
2.93356
0
0.0862813
0.172563
0.0862813
0.0862813
0.172563
0
0.0862813
0
0.258844
0.0862813
0.0862813
0
0.0862813
0.0862813
0.0862813
0.0862813
0.172563
0.258844
5.95341
22.2605
16.7385
14.3227
16.7385
17.2562
3.36497
0
0.172563
0.0862813
0.172563
0.172563
0.0862813
0.172563
0
0.0862813
0.172563
0.0862813
0.0862813
0.0862813
0.0862813
0
0.0862813
0
0
0
0
0
0
0
0
0
0
0
0
0
0
0
0
0
0
0
0
0
0
0
0.258844
1.46678
1.12166
5.00431
4.91803
4.65919
4.65919
5.26316
3.88266
3.62381
3.88266
4.31406
3.62381
4.48663
4.31406
5.0906
4.91803
5.86713
6.29853
4.22778
4.48663
4.40035
3.79638
3.79638
1.72563
0
0
0
0
0
0
0
0
0
0
0
0
0
0
0
0
0
0
0
0
0
0
0
0
0
0
0
0
0
0
0
0
0
0
0
0
0
0
0
0
0
0
0
0
0
0
0
0
0
0
0
0
0
0
0
0
0
0
0
0
0
0
0
0
0
0
0
0
0
0
0
0
0
0
0
0
0
0
0
0
0
0
0
0
0
0
0
0
0
0
0
0
0
0
0
0
0
0
0
0
0
0
0
0
0
0
0
0
38.4483
61.5521
0
0
0
0
0
0
0
0
0
0
0
0
0
0
0
0
0
0
0
0
0
0
0
0
0
0
0
0
0
0
0
0
0
0
0
0
0
0
0
0
0
0
0
0
0
0
0
0
0
0
0
0
0
0
0
0
0
0
0
0
0
0
0
0.40431
0.0293103
0
0
0.101724
0.134483
0.00172414
0.000862069
0.0112069
0.012931
0.0431034
0.114655
0.0689655
0.00862069
0.00689655
0.00172414
0
0
0.00517241
0.025
0.0232759
0
0
0
0
0
0
0
0
0
0
0
0
0.00603448
0
0
0
0
0
0
0
0
0
0.000862069
0.000862069
0.000862069
0
0.00172414
0.00517241
0.00603448
0.00344828
0.0112069
0.0215517
0.0396552
0.05
0.0931034
0.131897
0.118966
0.101724
0.115517
0.0991379
0.0698276
0.0560345
0.0353448
0.0232759
0.012931
0.000862069
0
0
0
0
0
0
0
0
0
0
0
0
0.0112069
0.119828
0.0982759
0.0551724
0.0336207
0.0836207
0.136207
0.0956897
0.0758621
0.110345
0.0767241
0.0508621
0.0336207
0.012931
0.00431034
0
0.00172414
0
0
0
0
