3.87324
1.05634
0.880282
1.93662
0.704225
0
0
0
0
0
0
0
0
0.352113
3.34507
6.33803
6.8662
9.85915
10.5634
7.57042
9.33098
7.39437
4.22535
5.10563
5.45775
1.76056
1.05634
0.176056
0
0
0.176056
0
0
0
0
0
0
0
0.176056
0.176056
0.528169
0.880282
2.8169
3.34507
4.22535
0
0
0
0
0
0.176056
0
0.176056
0.352113
0.176056
0.352113
0.528169
0.176056
1.23239
1.23239
3.69718
4.57747
5.6338
7.39437
8.09859
7.21831
6.16197
6.8662
6.16197
6.16197
5.10563
8.80282
5.80986
6.51409
4.92958
1.23239
0.704225
0.176056
0.352113
0
0.176056
0
0
0
0
0
0
0
0
0
0
0
0
0
0
0
0
0
0
0
0
0
0
0
0
0
1.05634
0.176056
3.87324
2.28873
0.176056
0.176056
0.176056
2.28873
6.51409
7.21831
4.75352
5.6338
4.75352
5.45775
8.09859
6.33803
7.04225
2.99296
3.69718
4.57747
2.28873
3.16901
2.28873
2.99296
1.58451
2.11268
2.28873
2.99296
3.16901
0
0
0
0
0
0
0
0
0
0
0
0
0
0
0
0
0
0
0
0
0
0
0
0
0
0
0
0
0
0
0
0
0
0
0
0
0
0
0
0
0
0
0
0
0
0
0
0
0
0
0
0
0
0
0
0
0
0
0
0
0
0
0
0
0
0
0
0
0
0
0
0
0
0
0
0
0
0
0
0
0
0
0
0
0
0
0
0
0
0
0
0
0
0
0
0
0
0
0
0
0
0
0
0
0
0
0
0
50.6151
49.3849
0
0
0
0
0
0
0
0
0
0
0
0
0
0
0
0
0
0
0
0
0
0
0
0
0
0
0
0
0
0
0
0
0
0
0
0
0
0
0
0
0
0
0
0
0
0
0
0
0
0
0
0
0
0
0
0
0
0
0
0
0
0
0
0.876977
0.00175747
0
0
0
0
0
0
0
0
0
0
0
0
0
0
0
0
0
0.00351494
0.0175747
0.00878735
0
0
0
0
0
0
0
0
0
0
0.0123023
0.0790861
0
0
0
0
0
0
0
0
0.00175747
0.00351494
0.00351494
0.00527241
0.00175747
0.00527241
0.00351494
0.00878735
0.00702988
0.00878735
0.0140598
0.00878735
0.0123023
0.0228471
0.0246046
0.0667838
0.149385
0.142355
0.219684
0.165202
0.103691
0.0210896
0
0
0
0
0
0
0
0
0
0
0
0
0
0
0
0.0105448
0.00878735
0.0123023
0.0123023
0.0210896
0.0158172
0.0210896
0.0949033
0.112478
0.163445
0.260105
0.142355
0.100176
0.0246046
0
0
0
0
0
0
0
