1.73077
1.85897
2.05128
2.62821
1.60256
0.769231
0.641026
0.320513
0.192308
0
0
0.320513
0.25641
1.41026
3.20513
4.10257
7.2436
7.17949
7.82052
7.3718
7.94873
6.60257
5.32052
4.67949
3.01282
1.28205
0.576923
0.384615
0.384615
0
0
0
0
0
0
0.0641026
0.320513
0.641026
1.08974
1.79487
2.37179
2.05128
3.20513
3.97436
3.65385
0.769231
0.897436
0.384615
0.384615
0.25641
0.192308
0.512821
0.320513
0.512821
0.192308
0.25641
0.0641026
0.320513
0.0641026
0.128205
0.0641026
4.03846
9.29487
8.84616
10.3205
8.84616
8.65385
9.55128
9.61538
7.94873
5.70513
5.19231
3.39744
0.833333
0.192308
0.0641026
0.128205
0
0
0.320513
0.448718
0.320513
0.128205
0.192308
0.192308
0
0.0641026
0.0641026
0.25641
0.128205
0
0
0
0
0
0
0
0
0
0
0
0
0
0
0
0
0
0.128205
0.128205
0.512821
1.73077
1.73077
1.02564
3.71795
6.34616
7.05129
8.33334
6.21795
5.64103
5.25641
5.19231
4.74359
4.67949
5.25641
4.16667
3.58975
2.88462
4.16667
3.39744
3.71795
3.84616
2.37179
2.05128
1.66667
0.512821
0
0
0
0
0
0
0
0
0
0
0
0
0
0
0
0
0
0
0
0
0
0
0
0
0
0
0
0
0
0
0
0
0
0
0
0
0
0
0
0
0
0
0
0
0
0
0
0
0
0
0
0
0
0
0
0
0
0
0
0
0
0
0
0
0
0
0
0
0
0
0
0
0
0
0
0
0
0
0
0
0
0
0
0
0
0
0
0
0
0
0
0
0
0
0
0
0
0
0
0
0
0
0
0
0
0
0
0
63.8047
36.1948
0
0
0
0
0
0
0
0
0
0
0
0
0
0
0
0
0
0
0
0
0
0
0
0
0
0
0
0
0
0
0
0
0
0
0
0
0
0
0
0
0
0
0
0
0
0
0
0
0
0
0
0
0
0
0
0
0
0
0
0
0
0
0
0.390775
0.00768738
0
0
0.0147341
0.178091
0.00128123
0.000640615
0
0.000640615
0.00128123
0.00320307
0.00832799
0.04164
0.00640615
0
0
0.00128123
0.00768738
0.263933
0.0301089
0.00320307
0
0
0
0
0
0
0
0
0
0
0.00576553
0.033312
0
0
0
0
0
0
0
0
0
0
0.00320307
0.00320307
0.00384369
0.00576553
0.00512492
0.00192185
0.00576553
0.00832799
0.00768738
0.0115311
0.0397181
0.0839206
0.107623
0.118514
0.133889
0.0813581
0.078155
0.0525304
0.058296
0.0544523
0.0794363
0.0512492
0.00448431
0
0
0
0
0
0
0
0
0
0
0
0
0.0160154
0.142217
0.0627803
0.0172966
0.0147341
0.0345932
0.0986547
0.192184
0.209481
0.0999359
0.0589366
0.0442024
0.00640615
0.00192185
0.000640615
0
0
0
0
0
0
