1.52905
0.611621
0.458716
1.07034
0.917431
0
0
0
0
0
0
0
0.30581
1.98777
2.9052
4.43425
9.0214
9.32721
10.5505
8.56269
10.5505
7.49235
6.11621
3.51682
4.89297
2.14067
0.917431
0.30581
0
0
0
0.152905
0.152905
0
0
0
0
0
0
0.152905
0.458716
1.98777
2.75229
3.66973
3.21101
0
0
0
0
0
0
0
0.152905
0.152905
0.152905
0.30581
0.152905
0.764526
3.97554
3.21101
3.97554
3.82263
6.11621
5.04587
6.57492
7.03364
5.9633
6.11621
4.43425
7.03364
6.11621
6.26911
6.11621
5.50459
4.12844
3.21101
2.14067
0.458716
0
0.458716
0.458716
0.152905
0.152905
0
0
0
0
0
0
0
0
0
0
0
0
0
0
0
0
0
0
0
0
0
0
0
0
1.83486
3.21101
1.07034
0.458716
0.458716
0.30581
2.29358
5.19878
3.82263
5.35168
5.35168
5.04587
7.33945
5.50459
5.65749
4.89297
4.74006
4.74006
4.89297
3.0581
2.59939
4.28135
3.21101
2.9052
3.0581
4.43425
2.14067
2.29358
0
0
0
0
0
0
0
0
0
0
0
0
0
0
0
0
0
0
0
0
0
0
0
0
0
0
0
0
0
0
0
0
0
0
0
0
0
0
0
0
0
0
0
0
0
0
0
0
0
0
0
0
0
0
0
0
0
0
0
0
0
0
0
0
0
0
0
0
0
0
0
0
0
0
0
0
0
0
0
0
0
0
0
0
0
0
0
0
0
0
0
0
0
0
0
0
0
0
0
0
0
0
0
0
0
0
0
0
47.3283
52.6718
0
0
0
0
0
0
0
0
0
0
0
0
0
0
0
0
0
0
0
0
0
0
0
0
0
0
0
0
0
0
0
0
0
0
0
0
0
0
0
0
0
0
0
0
0
0
0
0
0
0
0
0
0
0
0
0
0
0
0
0
0
0
0
0.922137
0
0
0
0
0
0
0
0
0
0
0
0
0
0
0
0
0
0
0.00152672
0.00763359
0
0
0
0
0
0
0
0
0
0
0
0.00458015
0.0641221
0
0
0
0
0
0
0
0
0
0.00458015
0.00305344
0.00152672
0
0.00458015
0.0122137
0.0366412
0.0320611
0.0290076
0.0244275
0.0442748
0.0503817
0.0381679
0.0412214
0.0366412
0.0687023
0.117557
0.175573
0.160305
0.10229
0.0167939
0
0
0
0
0
0
0
0
0
0
0
0
0
0
0
0.00916031
0
0.00916031
0.0824427
0.0442748
0.0671756
0.0687023
0.0519084
0.070229
0.132824
0.20916
0.146565
0.0885496
0.0198473
0
0
0
0
0
0
0
