0.871249
0.968054
0.484027
0.0968054
0.0968054
0
0
0
0
0
0
0
0.484027
3.48499
6.29235
8.22847
9.19652
8.13166
8.03485
7.84124
6.58277
4.64666
3.87222
3.19458
3.09777
2.71055
3.38819
1.93611
1.64569
1.16167
1.54889
2.12972
1.93611
0
0
0
0
0
0
0
0.387222
1.7425
2.22652
2.12972
1.54889
0
0
0
0
0
0.0968054
0.0968054
0
0.193611
0
0.0968054
0.387222
1.54889
1.8393
3.29138
5.3243
4.74347
3.6786
7.26041
5.4211
4.06583
5.71152
7.45402
7.1636
7.26041
5.03388
5.61472
6.48597
4.16263
3.29138
3.87222
2.32333
1.7425
0.387222
0.290416
0.290416
0.290416
0.387222
0.0968054
0.0968054
0.0968054
0
0
0
0
0
0
0
0
0
0
0
0
0
0
0
0
0
0
0
0.0968054
0.290416
0.193611
0.290416
0.0968054
0.0968054
0.0968054
0.290416
0.677638
1.54889
3.77541
3.96902
5.22749
7.45402
5.51791
4.16263
3.77541
4.16263
2.80736
4.16263
3.38819
3.96902
2.71055
3.77541
4.64666
4.54985
6.09874
5.90513
8.51888
7.84124
0
0
0
0
0
0
0
0
0
0
0
0
0
0
0
0
0
0
0
0
0
0
0
0
0
0
0
0
0
0
0
0
0
0
0
0
0
0
0
0
0
0
0
0
0
0
0
0
0
0
0
0
0
0
0
0
0
0
0
0
0
0
0
0
0
0
0
0
0
0
0
0
0
0
0
0
0
0
0
0
0
0
0
0
0
0
0
0
0
0
0
0
0
0
0
0
0
0
0
0
0
0
0
0
0
0
0
0
81.3339
18.6654
0
0
0
0
0
0
0
0
0
0
0
0
0
0
0
0
0
0
0
0
0
0
0
0
0
0
0
0
0
0
0
0
0
0
0
0
0
0
0
0
0
0
0
0
0
0
0
0
0
0
0
0
0
0
0
0
0
0
0
0
0
0
0
0.227273
0.0106383
0
0
0
0
0.000967118
0.00290135
0
0.00386847
0.00483559
0.0541586
0.217602
0.0135397
0.00967118
0
0
0
0.00870406
0.307544
0.0880077
0.00386847
0.000967118
0
0
0
0
0
0
0
0
0
0.00967118
0.0357834
0
0
0
0
0
0
0
0
0
0.00193424
0.00386847
0.00967118
0.00870406
0.0135397
0.00870406
0.0116054
0.0116054
0.0135397
0.0232108
0.0319149
0.0628627
0.0773694
0.0831721
0.0870406
0.0560928
0.0618956
0.0483559
0.0638298
0.0725338
0.0628627
0.0938104
0.0802708
0.0116054
0
0
0
0
0
0
0
0
0
0
0
0
0.0241779
0.0241779
0.0299807
0.0309478
0.0812379
0.0996132
0.143133
0.145068
0.165377
0.121857
0.0473888
0.0348162
0.0270793
0.0174081
0.00386847
0.00290135
0
0
0.000967118
0
0
