1.84739
0.883534
0.803213
0.803213
1.36546
0.562249
0.160643
0.0803213
0.722892
0.401606
0.562249
0.803213
2.81125
2.73092
5.06024
6.26506
5.70281
4.81928
5.86346
8.03213
8.35342
7.95181
5.78313
5.38153
3.53414
2.89157
1.36546
1.04418
0.64257
0.64257
0.0803213
0.240964
0
0.481928
0.401606
0.321285
0.160643
0.481928
0.401606
1.1245
1.60643
1.76707
1.68675
1.60643
1.84739
0
0
0
0.160643
0.0803213
0.240964
0.321285
0
0
0.0803213
0.240964
0
0.401606
1.68675
6.98795
5.70281
5.94378
6.82731
6.34538
5.86346
4.97992
4.97992
5.38153
5.06024
4.41767
5.78313
6.26506
5.54217
5.70281
3.29317
3.53414
1.20482
0.160643
0.160643
0.240964
0
0.321285
0.240964
0.240964
0.481928
0.240964
0.481928
0.481928
0
0
0
0
0
0
0
0
0
0
0
0
0
0
0
0.0803213
0.481928
0.160643
0.64257
1.68675
1.76707
0.481928
0.240964
0.401606
0.64257
1.92771
3.69478
3.13253
2.97189
2.89157
7.1486
3.61446
4.8996
5.78313
4.41767
4.81928
5.54217
4.97992
4.17671
5.06024
5.78313
5.14056
4.17671
3.29317
3.53414
3.69478
2.81125
0
0
0
0
0
0
0
0
0
0
0
0
0
0
0
0
0
0
0
0
0
0
0
0
0
0
0
0
0
0
0
0
0
0
0
0
0
0
0
0
0
0
0
0
0
0
0
0
0
0
0
0
0
0
0
0
0
0
0
0
0
0
0
0
0
0
0
0
0
0
0
0
0
0
0
0
0
0
0
0
0
0
0
0
0
0
0
0
0
0
0
0
0
0
0
0
0
0
0
0
0
0
0
0
0
0
0
0
34.1895
65.8109
0
0
0
0
0
0
0
0
0
0
0
0
0
0
0
0
0
0
0
0
0
0
0
0
0
0
0
0
0
0
0
0
0
0
0
0
0
0
0
0
0
0
0
0
0
0
0
0
0
0
0
0
0
0
0
0
0
0
0
0
0
0
0
0.0682183
0.011236
0
0
0.0313002
0.195024
0.00321027
0.00160514
0.00481541
0.00401284
0.00321027
0.035313
0.160514
0.0401284
0.024077
0.000802568
0
0
0.0152488
0.35313
0.0337079
0.000802568
0
0
0
0
0
0
0
0
0
0
0.00561798
0.00802568
0
0
0
0
0
0
0
0
0.00160514
0.000802568
0.00321027
0.00882825
0.00722311
0.00722311
0.00561798
0.0136437
0.0280899
0.0329053
0.0417335
0.0393258
0.0361156
0.0441413
0.0617978
0.0987159
0.0922953
0.0850722
0.0682183
0.0513644
0.0585875
0.0537721
0.0930979
0.0617978
0.00481541
0
0
0
0
0
0
0
0
0
0
0
0
0.0473515
0.149278
0.094703
0.0642055
0.0569823
0.130819
0.126003
0.0874799
0.126806
0.0601926
0.0232745
0.0128411
0.011236
0.00561798
0.0024077
0.000802568
0
0
0
0
0
