2.81195
0.878735
0.175747
1.05448
1.05448
0.351494
0.175747
0
0
0
0
0
0.527241
2.6362
4.56942
6.32689
9.13884
8.26011
6.50264
8.26011
10.7206
5.79965
3.69069
5.09666
6.67838
3.51494
0.527241
0.175747
0
0
0
0
0
0
0
0
0
0
0
0
0.527241
1.93322
1.23023
4.39367
3.16344
0
0
0
0
0
0
0
0
0.351494
0.351494
0
0.702988
0.527241
2.28471
2.28471
2.6362
4.92091
7.38137
8.6116
7.20562
9.31459
6.85413
5.9754
3.86643
5.44815
4.92091
4.74517
5.44815
3.33919
5.09666
4.21793
1.58172
0.527241
0.351494
0.175747
0.351494
0.702988
0
0
0
0
0
0
0
0
0
0
0
0
0
0
0
0
0
0
0
0
0
0
0
0.878735
1.05448
2.6362
4.56942
0.351494
0.351494
0.175747
0.175747
1.93322
8.43585
4.21793
3.16344
4.92091
5.44815
4.92091
5.27241
7.20562
6.15114
4.21793
5.6239
3.33919
3.51494
3.33919
2.28471
2.28471
1.75747
1.75747
2.28471
3.33919
4.56942
0
0
0
0
0
0
0
0
0
0
0
0
0
0
0
0
0
0
0
0
0
0
0
0
0
0
0
0
0
0
0
0
0
0
0
0
0
0
0
0
0
0
0
0
0
0
0
0
0
0
0
0
0
0
0
0
0
0
0
0
0
0
0
0
0
0
0
0
0
0
0
0
0
0
0
0
0
0
0
0
0
0
0
0
0
0
0
0
0
0
0
0
0
0
0
0
0
0
0
0
0
0
0
0
0
0
0
0
59.1227
40.8771
0
0
0
0
0
0
0
0
0
0
0
0
0
0
0
0
0
0
0
0
0
0
0
0
0
0
0
0
0
0
0
0
0
0
0
0
0
0
0
0
0
0
0
0
0
0
0
0
0
0
0
0
0
0
0
0
0
0
0
0
0
0
0
0.910526
0.0105263
0
0
0.00175439
0
0
0
0
0
0
0
0
0
0
0
0
0
0
0.0192982
0.00526316
0
0
0
0
0
0
0
0
0
0
0
0.00526316
0.0473684
0
0
0
0
0
0
0
0
0
0.00175439
0.00350877
0.00175439
0.00175439
0.0157895
0.0105263
0.0105263
0.0105263
0.0210526
0.00701754
0.0157895
0.0175439
0.0245614
0.0596491
0.0649123
0.114035
0.175439
0.219298
0.117544
0.0929825
0.0140351
0
0
0
0
0
0
0
0
0
0
0
0
0
0
0
0.00701754
0.00526316
0.022807
0.0315789
0.0280702
0.022807
0.0491228
0.0754386
0.121053
0.2
0.235088
0.107018
0.0824561
0.0105263
0.00175439
0
0
0
0
0
0
