1.79334
0.853971
0.683177
0.341588
0.170794
0
0
0
0
0
0
0
0.170794
2.04953
6.49018
7.60035
8.45432
8.9667
5.807
5.63621
5.8924
5.807
4.52605
3.07429
3.24509
3.50128
2.22032
1.28096
0.59778
1.19556
1.45175
1.96413
1.79334
0.0853971
0
0.0853971
0.341588
0.59778
1.11016
0.59778
1.45175
1.79334
2.22032
3.33049
2.9035
0
0
0
0
0
0
0
0
0.256191
0.256191
0.256191
0.0853971
0
0.512383
3.24509
4.44065
3.67207
5.46542
6.23399
7.42955
7.08796
5.8924
6.74637
9.22289
8.36892
7.51495
5.29462
6.91717
4.18446
2.56191
2.13493
0.256191
0.59778
0.341588
0.256191
0.256191
0.170794
0.170794
0.170794
0.0853971
0
0
0
0
0
0
0
0
0
0
0
0
0
0
0
0
0
0
0
0
0
0
0
1.36635
0.768574
0.170794
0.170794
0.853971
1.02477
3.75747
4.69684
3.92826
6.66098
4.78224
4.18446
3.75747
2.8181
3.58668
4.35525
4.52605
4.52605
4.61144
3.50128
3.50128
4.35525
5.72161
6.31939
5.72161
5.20922
5.20922
0
0
0
0
0
0
0
0
0
0
0
0
0
0
0
0
0
0
0
0
0
0
0
0
0
0
0
0
0
0
0
0
0
0
0
0
0
0
0
0
0
0
0
0
0
0
0
0
0
0
0
0
0
0
0
0
0
0
0
0
0
0
0
0
0
0
0
0
0
0
0
0
0
0
0
0
0
0
0
0
0
0
0
0
0
0
0
0
0
0
0
0
0
0
0
0
0
0
0
0
0
0
0
0
0
0
0
0
34.9827
65.0166
0
0
0
0
0
0
0
0
0
0
0
0
0
0
0
0
0
0
0
0
0
0
0
0
0
0
0
0
0
0
0
0
0
0
0
0
0
0
0
0
0
0
0
0
0
0
0
0
0
0
0
0
0
0
0
0
0
0
0
0
0
0
0
0.167235
0.0119454
0
0
0.0571672
0.138225
0.00341297
0.00511945
0.00511945
0.00511945
0.0059727
0.077645
0.168942
0.00853242
0.00255973
0.00170648
0
0.000853242
0.0127986
0.217577
0.0819113
0.0059727
0
0
0
0
0
0
0
0
0
0
0.00511945
0.0170648
0
0
0
0
0
0
0
0
0.000853242
0
0.00255973
0.00426621
0.00511945
0.0102389
0.00511945
0.0102389
0.0059727
0.0145051
0.0196246
0.0298635
0.0622867
0.077645
0.0981229
0.129693
0.0904437
0.0665529
0.0588737
0.0503413
0.0708191
0.059727
0.0691126
0.0469283
0.0110922
0
0
0
0
0
0
0
0
0
0
0
0
0.024744
0.12116
0.0912969
0.0477816
0.0435154
0.0895904
0.118601
0.150171
0.116041
0.087884
0.0358362
0.0213311
0.0255973
0.0145051
0.00853242
0.00255973
0
0.000853242
0
0
0
