2.27273
0.909091
0.454545
0.30303
0
0
0
0
0
0
0
0
1.21212
2.12121
3.0303
4.54545
7.12121
6.66667
10.6061
10.6061
7.72727
6.21212
5.30303
4.54545
4.54545
2.42424
2.12121
0.30303
0
0.30303
0
0
0
0
0
0
0
0
0
0.30303
1.36364
2.72727
3.78788
4.54545
4.09091
0
0
0.151515
0
0
0
0.151515
0
0
0.606061
0.757576
0.454545
0.757576
0.454545
1.21212
3.93939
5.90909
5.60606
6.9697
7.72727
6.66667
6.06061
6.21212
6.51515
8.0303
8.48485
7.27273
4.84848
3.33333
3.0303
2.57576
0.151515
0.151515
0.606061
0.606061
0
0.454545
0
0
0.151515
0.151515
0
0
0.151515
0
0
0
0
0
0
0
0
0
0
0
0
0
0
0
0
0
0.151515
0.30303
0.30303
1.06061
1.51515
1.06061
0.909091
3.0303
6.06061
4.39394
6.06061
5
4.69697
6.9697
7.72727
6.06061
3.93939
3.33333
4.69697
3.33333
5.45455
3.78788
3.33333
3.93939
3.18182
3.33333
2.42424
2.27273
1.81818
0
0
0
0
0
0
0
0
0
0
0
0
0
0
0
0
0
0
0
0
0
0
0
0
0
0
0
0
0
0
0
0
0
0
0
0
0
0
0
0
0
0
0
0
0
0
0
0
0
0
0
0
0
0
0
0
0
0
0
0
0
0
0
0
0
0
0
0
0
0
0
0
0
0
0
0
0
0
0
0
0
0
0
0
0
0
0
0
0
0
0
0
0
0
0
0
0
0
0
0
0
0
0
0
0
0
0
0
56.2785
43.7217
0
0
0
0
0
0
0
0
0
0
0
0
0
0
0
0
0
0
0
0
0
0
0
0
0
0
0
0
0
0
0
0
0
0
0
0
0
0
0
0
0
0
0
0
0
0
0
0
0
0
0
0
0
0
0
0
0
0
0
0
0
0
0
0.878971
0.00151286
0
0
0
0
0
0
0
0
0
0
0
0
0
0
0
0
0
0.00151286
0.0121029
0.00907716
0.00151286
0.00151286
0
0
0
0
0
0
0
0
0.0196672
0.0741301
0
0
0
0
0
0
0
0
0.00151286
0.00151286
0.00453858
0.00151286
0.00302572
0.00605144
0.0151286
0.02118
0.00605144
0.00453858
0.0181543
0.0272315
0.0453858
0.0363086
0.0514372
0.0680787
0.11649
0.155825
0.216339
0.122542
0.0695915
0.0075643
0
0
0
0
0
0
0
0
0
0
0
0
0
0
0
0.00907716
0.00605144
0.0151286
0.0332829
0.0136157
0.0635401
0.0741301
0.0711044
0.113464
0.15885
0.257186
0.101362
0.075643
0.0075643
0
0
0
0
0
0
0
