2.10863
2.04473
1.72524
1.66134
0.766773
0.638978
0.319489
0.127796
0.127796
0
0
0
1.15016
2.04473
1.53355
3.70607
7.15654
6.58147
8.5623
8.11501
6.00639
5.5591
4.92013
3.96166
2.42812
1.27796
0.319489
0.255591
0.191693
0
0
0
0
0
0
0.191693
0.383387
0.766773
1.46965
3.06709
4.85623
4.53674
4.79233
2.9393
3.76997
0
0.127796
0
0.127796
0.191693
0.319489
0.447284
0.191693
0.255591
0.255591
0.191693
0.127796
0.0638978
0.127796
0.0638978
0.127796
0.255591
0.0638978
1.40575
7.22044
11.1821
11.8211
10.9265
14.5048
17.1885
16.9329
3.83387
0.0638978
0
0
0.0638978
0.127796
0
0.127796
0.255591
0.255591
0.127796
0
0.319489
0.127796
0.255591
0.127796
0.0638978
0.127796
0.0638978
0
0
0
0
0
0
0
0
0
0
0
0
0
0
0
0
0
0
0
0.319489
0.766773
1.66134
0.894569
3.57828
6.32588
6.64536
6.32588
4.98403
4.85623
4.02556
3.57828
4.28115
3.38658
3.76997
5.04792
4.79233
4.40895
5.81469
5.30351
5.36741
4.02556
4.92013
2.61981
1.91693
0.447284
0
0
0
0
0
0
0
0
0
0
0
0
0
0
0
0
0
0
0
0
0
0
0
0
0
0
0
0
0
0
0
0
0
0
0
0
0
0
0
0
0
0
0
0
0
0
0
0
0
0
0
0
0
0
0
0
0
0
0
0
0
0
0
0
0
0
0
0
0
0
0
0
0
0
0
0
0
0
0
0
0
0
0
0
0
0
0
0
0
0
0
0
0
0
0
0
0
0
0
0
0
0
0
0
0
0
0
0
45.083
54.9172
0
0
0
0
0
0
0
0
0
0
0
0
0
0
0
0
0
0
0
0
0
0
0
0
0
0
0
0
0
0
0
0
0
0
0
0
0
0
0
0
0
0
0
0
0
0
0
0
0
0
0
0
0
0
0
0
0
0
0
0
0
0
0
0.664112
0.0166028
0
0
0.0453384
0.127075
0.00191571
0.00127714
0.00063857
0.00063857
0.0140485
0.0440613
0.00574713
0
0
0
0
0
0.00191571
0.0312899
0.0178799
0.00255428
0.00063857
0
0
0
0
0
0
0
0
0
0.00574713
0.0185185
0
0
0
0
0
0
0
0
0.00063857
0.00063857
0
0.00063857
0.00127714
0.00063857
0.00127714
0.00255428
0.00510856
0.00702427
0.0127714
0.0242656
0.037037
0.0606641
0.0842912
0.168582
0.199872
0.135377
0.105364
0.0740741
0.0389527
0.0146871
0.0108557
0.0121328
0.00127714
0
0
0
0
0
0
0
0
0
0
0
0
0.00957854
0.0932312
0.0727969
0.0172414
0.0223499
0.0300128
0.0606641
0.153257
0.16986
0.146232
0.122605
0.0747126
0.0255428
0.00191571
0
0
0
0
0
0
0
