3.33333
0.57971
0.724638
0.289855
0.144928
0.144928
0
0
0
0
0
0
0
0.289855
0.869565
4.49275
8.84058
11.8841
9.13044
10.2899
9.56522
7.10145
6.08696
4.49275
2.17391
1.30435
1.30435
0.434783
0
0
0
0
0
0
0
0
0
0.144928
0.144928
0.57971
2.02899
2.46377
2.89855
4.49275
3.91304
0
0
0
0
0
0.434783
0
0
0
0.144928
0.434783
0.289855
0.434783
1.01449
2.6087
2.75362
4.2029
7.53623
6.37681
7.10145
7.10145
7.53623
6.66667
7.3913
8.55072
4.63768
6.08696
6.81159
4.49275
3.47826
2.6087
0.144928
0.144928
0
0.289855
0
0
0.434783
0.144928
0.144928
0
0.144928
0
0
0
0
0
0
0
0
0
0
0
0
0
0
0
0
0
0
0.289855
0.434783
0.57971
0.289855
0.869565
1.5942
0.724638
0.434783
3.04348
4.05797
4.2029
6.66667
4.49275
7.53623
5.65217
6.66667
4.78261
5.21739
5.21739
6.37681
3.76812
5.94203
4.63768
6.66667
4.78261
2.02899
0.724638
1.30435
0.144928
1.01449
0
0
0
0
0
0
0
0
0
0
0
0
0
0
0
0
0
0
0
0
0
0
0
0
0
0
0
0
0
0
0
0
0
0
0
0
0
0
0
0
0
0
0
0
0
0
0
0
0
0
0
0
0
0
0
0
0
0
0
0
0
0
0
0
0
0
0
0
0
0
0
0
0
0
0
0
0
0
0
0
0
0
0
0
0
0
0
0
0
0
0
0
0
0
0
0
0
0
0
0
0
0
0
0
0
0
0
0
49.9277
50.0725
0
0
0
0
0
0
0
0
0
0
0
0
0
0
0
0
0
0
0
0
0
0
0
0
0
0
0
0
0
0
0
0
0
0
0
0
0
0
0
0
0
0
0
0
0
0
0
0
0
0
0
0
0
0
0
0
0
0
0
0
0
0
0
0.910275
0
0
0
0
0
0
0
0
0
0
0
0
0
0
0
0
0
0
0.00144718
0.00434153
0.00144718
0
0
0
0
0
0
0
0
0
0
0.00868307
0.0738061
0
0
0
0
0
0
0
0
0.00144718
0
0.00144718
0
0
0.00434153
0.00144718
0.00144718
0.00289436
0.00144718
0.00578871
0.0173661
0.0115774
0.0318379
0.0738061
0.141823
0.154848
0.185239
0.188133
0.0998553
0.0709117
0.00434153
0
0
0
0
0
0
0
0
0
0
0
0
0
0
0
0.00289436
0.00144718
0.00578871
0.00289436
0.00289436
0.0260492
0.0506512
0.175109
0.160637
0.205499
0.186686
0.0955137
0.0781476
0.00578871
0
0
0
0
0
0
0
