2.38806
1.19403
1.19403
0.298507
0
0
0
0
0
0
0
0
0
1.9403
1.64179
4.17911
8.05971
7.16418
9.55224
11.194
8.80597
7.46269
6.26866
5.07463
2.68657
1.64179
1.34328
0.746269
0
0
0
0
0
0
0
0
0
0
0
0.597015
2.08955
2.68657
2.53731
5.07463
4.32836
0.149254
0
0
0
0
0
0
0.149254
0.149254
0.298507
0.149254
0.298507
0.298507
0.149254
2.83582
3.73134
3.58209
6.41791
6.26866
9.85075
7.01493
5.97015
5.07463
8.80597
7.7612
7.7612
5.07463
9.25374
3.58209
3.28358
0.746269
0.447761
0.149254
0.149254
0.298507
0.149254
0.149254
0
0
0.149254
0
0
0
0
0
0
0
0
0
0
0
0
0
0
0
0
0
0
0
0
0.149254
0.895522
0.447761
0
2.08955
0.895522
0.447761
0.746269
2.68657
4.17911
4.02985
5.07463
4.92537
4.62687
6.11941
7.01493
6.56717
8.05971
6.11941
5.97015
4.62687
4.77612
2.98507
3.73134
1.9403
1.79104
1.9403
3.28358
2.38806
1.64179
0
0
0
0
0
0
0
0
0
0
0
0
0
0
0
0
0
0
0
0
0
0
0
0
0
0
0
0
0
0
0
0
0
0
0
0
0
0
0
0
0
0
0
0
0
0
0
0
0
0
0
0
0
0
0
0
0
0
0
0
0
0
0
0
0
0
0
0
0
0
0
0
0
0
0
0
0
0
0
0
0
0
0
0
0
0
0
0
0
0
0
0
0
0
0
0
0
0
0
0
0
0
0
0
0
0
0
0
58.2714
41.7288
0
0
0
0
0
0
0
0
0
0
0
0
0
0
0
0
0
0
0
0
0
0
0
0
0
0
0
0
0
0
0
0
0
0
0
0
0
0
0
0
0
0
0
0
0
0
0
0
0
0
0
0
0
0
0
0
0
0
0
0
0
0
0
0.913562
0
0
0
0
0
0
0
0
0
0
0
0
0
0
0
0
0
0
0.00149031
0
0.00298063
0.00149031
0.00149031
0
0
0
0
0
0
0
0
0.0134128
0.0655738
0
0
0
0
0
0
0
0
0.00298063
0
0.00149031
0
0
0.00298063
0.00149031
0.00745157
0.00745157
0.00447094
0.0104322
0.0119225
0.0327869
0.0447094
0.102832
0.105812
0.126677
0.217586
0.175857
0.0834575
0.0536513
0.00596125
0
0
0
0
0
0
0
0
0
0
0
0
0
0
0
0.00447094
0
0.00596125
0.0149031
0.00894188
0.0312966
0.0834575
0.14456
0.14456
0.210134
0.198212
0.0923994
0.0536513
0.00745157
0
0
0
0
0
0
0
