3.74221
2.6334
2.772
2.7027
1.5939
0.4851
0.3465
0.2772
0.1386
0.2079
0.0693001
0.0693001
0.554401
3.1185
4.08871
4.22731
5.54401
5.40541
5.33611
5.82121
4.50451
4.71241
4.29661
3.1878
3.67291
2.4255
2.2869
1.6632
0.900901
1.1781
0.831601
0.2079
0
0
1.2474
1.4553
0.623701
0.900901
0.3465
1.0395
1.7325
2.3562
3.2571
3.1878
4.92031
0.2772
0.3465
0.1386
0.0693001
0.0693001
0.2079
0.1386
0.0693001
0.2772
0.0693001
0.1386
0.1386
0.1386
0.2772
0.1386
0.1386
0.1386
0.1386
2.9799
7.34582
8.03882
11.2959
15.4539
16.3548
17.2557
12.0582
2.2176
0.2079
0.2772
0.2079
0.1386
0.2772
0.2079
0.2772
0.1386
0.2079
0.1386
0.2079
0.0693001
0.1386
0.0693001
0
0.0693001
0.2079
1.3167
0
0
0
0
0
0
0
0
0
0
0
0
0
0
0
0
0
0
0.0693001
1.0395
1.4553
0.693001
0.693001
3.95011
6.72211
5.95981
4.08871
4.43521
4.92031
3.53431
4.78171
4.64311
4.01941
4.50451
4.43521
4.43521
4.01941
4.15801
4.78171
3.1878
2.3562
3.39571
5.26681
5.05891
3.46501
0
0
0
0
0
0
0
0
0
0
0
0
0
0
0
0
0
0
0
0
0
0
0
0
0
0
0
0
0
0
0
0
0
0
0
0
0
0
0
0
0
0
0
0
0
0
0
0
0
0
0
0
0
0
0
0
0
0
0
0
0
0
0
0
0
0
0
0
0
0
0
0
0
0
0
0
0
0
0
0
0
0
0
0
0
0
0
0
0
0
0
0
0
0
0
0
0
0
0
0
0
0
0
0
0
0
0
0
48.1994
51.8005
0
0
0
0
0
0
0
0
0
0
0
0
0
0
0
0
0
0
0
0
0
0
0
0
0
0
0
0
0
0
0
0
0
0
0
0
0
0
0
0
0
0
0
0
0
0
0
0
0
0
0
0
0
0
0
0
0
0
0
0
0
0
0
0.720222
0.0263158
0
0
0.0373961
0.114266
0.00138504
0.00277008
0.00484765
0.0110803
0.0207756
0.0242382
0
0
0
0
0
0
0
0.000692521
0.00207756
0.0034626
0.000692521
0
0
0
0
0
0
0
0
0
0.00277008
0.0270083
0
0
0
0
0
0
0
0
0.000692521
0.00207756
0.000692521
0
0.00207756
0.00554017
0.00969529
0.0138504
0.0138504
0.0124654
0.0235457
0.0450138
0.066482
0.050554
0.100416
0.150277
0.159972
0.108726
0.127424
0.0713296
0.0304709
0.00415512
0
0.000692521
0
0
0
0
0
0
0
0
0
0
0
0
0
0.00761773
0.0955679
0.0713296
0.0297784
0.0297784
0.0865651
0.0567867
0.121884
0.139889
0.137812
0.128116
0.0768698
0.017313
0.000692521
0
0
0
0
0
0
0
