1.87617
1.87617
1.0319
1.59475
0.844278
0.562852
0.469043
0.187617
0.375235
0.0938086
0.469043
1.59475
3.47092
3.00188
3.84615
3.47092
4.59662
3.65854
5.81614
6.94184
7.78612
6.37899
6.19137
4.3152
2.81426
2.72045
0.938086
0.469043
0.187617
0.0938086
0
0
0
0
0
0.469043
1.0319
1.78236
2.06379
2.25141
2.62664
4.22139
4.3152
1.78236
1.87617
0
0.0938086
0.0938086
0
0.187617
0.0938086
0.187617
0.562852
0.187617
0.375235
0.187617
0.0938086
0.0938086
0
0.187617
0.187617
0.187617
1.40713
4.22139
12.1013
13.6022
10.4127
10.6004
8.91182
9.47467
10.1313
10.0375
4.12758
0.187617
0.0938086
0.187617
0.281426
0.0938086
0.0938086
0
0.187617
0.375235
0
0.375235
0.187617
0
0.0938086
0.187617
0
0
0
0
0
0
0
0
0
0
0
0
0
0
0
0
0
0
0
0
0.562852
1.59475
0.844278
0.938086
0.0938086
1.59475
2.81426
4.97186
5.62852
6.75422
5.06567
4.78424
5.15948
5.06567
4.22139
5.62852
5.53471
6.00375
6.28518
4.12758
4.40901
4.22139
3.09569
3.00188
3.00188
3.56473
1.1257
0
0
0
0
0
0
0
0
0
0
0
0
0
0
0
0
0
0
0
0
0
0
0
0
0
0
0
0
0
0
0
0
0
0
0
0
0
0
0
0
0
0
0
0
0
0
0
0
0
0
0
0
0
0
0
0
0
0
0
0
0
0
0
0
0
0
0
0
0
0
0
0
0
0
0
0
0
0
0
0
0
0
0
0
0
0
0
0
0
0
0
0
0
0
0
0
0
0
0
0
0
0
0
0
0
0
0
0
30.9279
69.0718
0
0
0
0
0
0
0
0
0
0
0
0
0
0
0
0
0
0
0
0
0
0
0
0
0
0
0
0
0
0
0
0
0
0
0
0
0
0
0
0
0
0
0
0
0
0
0
0
0
0
0
0
0
0
0
0
0
0
0
0
0
0
0
0.51359
0.00656045
0
0
0
0
0.000937207
0.000937207
0.000937207
0.0112465
0.027179
0.0684161
0.166823
0.00656045
0.00187441
0.000937207
0
0
0
0.11059
0.0571696
0.00187441
0.00187441
0
0
0
0
0
0
0
0
0
0.00187441
0.0206186
0
0
0
0
0
0
0
0.00187441
0
0.00374883
0.00468604
0.00187441
0.00468604
0.00374883
0.00187441
0.00281162
0.00468604
0.00562324
0.0121837
0.0328023
0.0552952
0.0459231
0.0599813
0.12746
0.115276
0.115276
0.114339
0.0702905
0.0552952
0.0449859
0.0515464
0.0552952
0.00843486
0
0
0
0
0
0
0
0
0
0
0
0
0.0131209
0.00843486
0.00656045
0.0131209
0.0328023
0.0843486
0.099344
0.174321
0.162137
0.176195
0.099344
0.0674789
0.0402999
0.0159325
0.00562324
0.000937207
0
0
0
0
0
