2.52101
1.2605
0.756303
1.17647
1.68067
1.17647
0.504202
1.09244
1.93277
2.18487
2.94118
2.85714
3.52941
4.20168
3.27731
3.86555
3.27731
4.03362
4.11765
4.70588
5.96639
4.03362
3.27731
1.84874
1.68067
1.42857
1.2605
1.42857
1.34454
1.76471
2.43698
1.2605
1.59664
1.0084
0.672269
0.336134
1.68067
1.76471
1.59664
2.01681
2.52101
2.85714
2.26891
1.0084
1.93277
0.588235
0.252101
0.252101
0.420168
0.0840336
0.168067
0.168067
0.168067
0.0840336
0.168067
0.168067
0
0.0840336
0
0
0.0840336
0.336134
0.168067
0.588235
8.40336
12.437
11.7647
11.3445
13.6975
15.8824
17.2269
2.35294
0.336134
0.0840336
0.0840336
0
0.0840336
0.168067
0.0840336
0.168067
0.168067
0.0840336
0.0840336
0.0840336
0.0840336
0.420168
0.168067
0.336134
0.420168
0.336134
0
0
0
0
0
0
0
0
0
0
0
0
0
0
0
0
0
0
0.420168
1.42857
0.504202
0.336134
1.09244
4.87395
4.62185
7.14286
5.29412
6.13445
5.04202
4.78992
3.86555
3.78152
3.69748
4.53782
4.53782
4.53782
4.11765
3.19328
3.10925
3.52941
2.77311
3.61345
4.20168
4.70588
4.20168
0
0
0
0
0
0
0
0
0
0
0
0
0
0
0
0
0
0
0
0
0
0
0
0
0
0
0
0
0
0
0
0
0
0
0
0
0
0
0
0
0
0
0
0
0
0
0
0
0
0
0
0
0
0
0
0
0
0
0
0
0
0
0
0
0
0
0
0
0
0
0
0
0
0
0
0
0
0
0
0
0
0
0
0
0
0
0
0
0
0
0
0
0
0
0
0
0
0
0
0
0
0
0
0
0
0
0
0
56.4228
43.5767
0
0
0
0
0
0
0
0
0
0
0
0
0
0
0
0
0
0
0
0
0
0
0
0
0
0
0
0
0
0
0
0
0
0
0
0
0
0
0
0
0
0
0
0
0
0
0
0
0
0
0
0
0
0
0
0
0
0
0
0
0
0
0
0.161209
0.0209908
0
0
0.0235097
0.233417
0.00167926
0.00251889
0.00335852
0.00587741
0.00923594
0.0394626
0.0184719
0.00419815
0.00839631
0.000839631
0
0
0.00167926
0.236776
0.0873216
0.123426
0.00503778
0.000839631
0.000839631
0
0
0
0
0
0
0
0.000839631
0.0100756
0
0
0
0
0
0
0
0
0.000839631
0.000839631
0.00251889
0.000839631
0.00587741
0.0125945
0.0142737
0.0117548
0.0109152
0.0167926
0.0428212
0.0486986
0.0428212
0.0403023
0.0587741
0.0957179
0.0764064
0.0940386
0.0755668
0.0638119
0.0495382
0.0797649
0.0856423
0.0596138
0.00923594
0
0
0
0
0
0
0
0
0
0
0
0
0.0403023
0.1822
0.101595
0.02267
0.031906
0.0512175
0.0789253
0.0940386
0.120067
0.0814442
0.0738875
0.0646516
0.0361041
0.00755668
0.0117548
0
0.00167926
0
0
0
0
