2.6455
2.6455
1.67548
0.176367
0.5291
0.793651
0.0881834
0.0881834
0
0
0
0
0.176367
1.5873
4.40917
8.73016
7.49559
6.87831
7.84832
8.02469
5.73192
5.37919
3.52734
3.43915
3.7037
3.52734
3.1746
1.32275
0.705467
0.793651
0.5291
0.176367
0
0
0
0.176367
0.617284
0.793651
0.5291
0.352734
0.705467
1.94003
3.35097
3.35097
2.46914
0.0881834
0.176367
0.0881834
0.0881834
0
0.0881834
0
0.26455
0
0.176367
0.176367
0.617284
0.352734
0.176367
0.0881834
3.1746
3.08642
4.40917
6.17284
6.26102
8.55379
10.3175
8.46561
7.58377
4.7619
6.43739
6.26102
5.46737
8.20106
5.55555
0.26455
0.5291
0.26455
0.26455
0.352734
0.440917
0.176367
0.0881834
0.176367
0.176367
0.0881834
0.176367
0
0
0
0
0
0
0
0
0
0
0
0
0
0
0
0
0
0
0
0.176367
1.32275
2.6455
0.0881834
0.5291
0.352734
0.0881834
1.49912
3.08642
4.32099
5.99647
5.37919
4.2328
5.90829
4.05644
5.11464
5.291
5.99647
5.11464
4.32099
5.11464
4.49735
4.93827
5.73192
3.88007
3.79189
3.1746
1.67548
1.76367
0
0
0
0
0
0
0
0
0
0
0
0
0
0
0
0
0
0
0
0
0
0
0
0
0
0
0
0
0
0
0
0
0
0
0
0
0
0
0
0
0
0
0
0
0
0
0
0
0
0
0
0
0
0
0
0
0
0
0
0
0
0
0
0
0
0
0
0
0
0
0
0
0
0
0
0
0
0
0
0
0
0
0
0
0
0
0
0
0
0
0
0
0
0
0
0
0
0
0
0
0
0
0
0
0
0
0
0
53.8323
46.1673
0
0
0
0
0
0
0
0
0
0
0
0
0
0
0
0
0
0
0
0
0
0
0
0
0
0
0
0
0
0
0
0
0
0
0
0
0
0
0
0
0
0
0
0
0
0
0
0
0
0
0
0
0
0
0
0
0
0
0
0
0
0
0
0.252863
0.00881057
0
0
0.00176211
0.00176211
0.00264317
0.00264317
0.00528634
0.00969163
0.0176211
0.077533
0.0933921
0.0264317
0.0211454
0.00176211
0
0.000881057
0.00881057
0.309251
0.131278
0.00528634
0.00264317
0
0
0
0
0
0
0
0
0
0.00440529
0.0140969
0
0
0
0
0
0
0
0
0.00176211
0
0.00176211
0.00264317
0.00440529
0.00352423
0.00969163
0.0132159
0.0132159
0.0167401
0.0334802
0.0422907
0.0387665
0.0484582
0.0484582
0.0546256
0.061674
0.0722467
0.112775
0.0969163
0.0863436
0.0704846
0.0898678
0.0704846
0.0061674
0
0
0
0
0
0
0
0
0
0
0
0
0.0132159
0.0273128
0.0211454
0.0414097
0.0651982
0.14185
0.117181
0.105727
0.127753
0.136564
0.101322
0.045815
0.0352423
0.015859
0.00264317
0.000881057
0.000881057
0
0
0
0
