1.92308
0.147929
1.33136
0.591716
0.443787
0
0
0
0
0
0.147929
0.295858
1.0355
1.77515
2.95858
4.14201
5.91716
9.02367
10.2071
9.02367
9.1716
8.72782
8.1361
6.06509
4.5858
1.0355
0.147929
0
0
0
0
0.295858
0
0.295858
0
0
0
0
0.591716
0.295858
0.739645
2.66272
2.66272
3.5503
2.21893
0
0
0
0
0
0.147929
0.443787
0.147929
0.295858
0.295858
0.147929
0.295858
2.36686
1.47929
1.77515
3.69822
3.5503
5.76923
5.32544
7.39645
6.95267
7.69231
7.84024
4.28994
6.21302
6.50888
4.88166
5.17752
5.02959
3.69822
3.10651
3.84615
0.887574
0.295858
0
0.147929
0.147929
0.295858
0
0
0
0
0
0
0
0
0
0
0
0
0
0
0
0
0
0
0
0
0
0
0
0
0.591716
1.77515
2.36686
0.147929
0.443787
0.443787
2.95858
3.25444
3.5503
5.47337
5.91716
5.47337
5.02959
7.39645
5.32544
6.06509
6.65681
5.32544
5.76923
3.84615
3.10651
4.28994
3.69822
2.21893
2.21893
2.21893
2.95858
1.62722
0
0
0
0
0
0
0
0
0
0
0
0
0
0
0
0
0
0
0
0
0
0
0
0
0
0
0
0
0
0
0
0
0
0
0
0
0
0
0
0
0
0
0
0
0
0
0
0
0
0
0
0
0
0
0
0
0
0
0
0
0
0
0
0
0
0
0
0
0
0
0
0
0
0
0
0
0
0
0
0
0
0
0
0
0
0
0
0
0
0
0
0
0
0
0
0
0
0
0
0
0
0
0
0
0
0
0
0
63.5152
36.4845
0
0
0
0
0
0
0
0
0
0
0
0
0
0
0
0
0
0
0
0
0
0
0
0
0
0
0
0
0
0
0
0
0
0
0
0
0
0
0
0
0
0
0
0
0
0
0
0
0
0
0
0
0
0
0
0
0
0
0
0
0
0
0
0.912851
0
0
0
0
0
0
0
0
0
0
0
0
0
0
0
0
0
0
0.00443131
0.0118168
0.0014771
0.00295421
0
0
0
0
0
0
0
0
0
0.00886263
0.0576071
0
0
0
0
0
0
0
0.0014771
0
0.00443131
0
0.00295421
0.0014771
0.0014771
0.00886263
0.0177253
0.0236337
0.0472674
0.05613
0.0694239
0.0443131
0.0310192
0.0502216
0.0369276
0.0827179
0.163959
0.192024
0.0694239
0.0797637
0.014771
0
0
0
0
0
0
0
0
0
0
0
0
0
0
0
0.00590842
0.00443131
0.0118168
0.0398818
0.109306
0.100443
0.042836
0.0576071
0.0871492
0.197932
0.186115
0.0782866
0.0694239
0.00886263
0
0
0
0
0
0
0
