1.59292
1.50442
1.06195
1.06195
1.15044
0.442478
0.619469
0.176991
0.0884956
0
0.176991
0.884956
3.18584
3.00885
3.45133
4.60177
4.33628
5.22124
8.1416
8.84956
6.28319
7.34514
4.95575
3.62832
2.21239
2.21239
1.06195
0.265487
0.0884956
0.0884956
0.0884956
0
0
0
0
0.353982
0.619469
1.23894
2.0354
2.92035
3.00885
3.27434
3.27434
3.27434
2.30088
0.0884956
0
0
0.353982
0.265487
0.265487
0.265487
0.265487
0.265487
0.442478
0.707965
0.0884956
0.0884956
0
0
0.0884956
0.442478
5.13274
7.43363
11.5044
10.7965
9.9115
9.38053
8.58407
9.20354
10
7.61062
3.53982
0.442478
0.176991
0
0.0884956
0.176991
0.265487
0.176991
0.265487
0.265487
0.353982
0.353982
0.0884956
0.176991
0.176991
0.176991
0.0884956
0.0884956
0
0
0
0
0
0
0
0
0
0
0
0
0
0
0
0
0
0
0.707965
2.12389
1.23894
0.79646
0.0884956
2.30088
2.92035
6.72567
4.77876
6.37168
5.13274
3.36283
5.48673
5.30974
4.95575
4.60177
5.13274
4.69027
6.46018
5.57522
5.57522
3.9823
3.36283
2.21239
3.09734
2.56637
0.530973
0
0
0
0
0
0
0
0
0
0
0
0
0
0
0
0
0
0
0
0
0
0
0
0
0
0
0
0
0
0
0
0
0
0
0
0
0
0
0
0
0
0
0
0
0
0
0
0
0
0
0
0
0
0
0
0
0
0
0
0
0
0
0
0
0
0
0
0
0
0
0
0
0
0
0
0
0
0
0
0
0
0
0
0
0
0
0
0
0
0
0
0
0
0
0
0
0
0
0
0
0
0
0
0
0
0
0
0
43.3244
56.6754
0
0
0
0
0
0
0
0
0
0
0
0
0
0
0
0
0
0
0
0
0
0
0
0
0
0
0
0
0
0
0
0
0
0
0
0
0
0
0
0
0
0
0
0
0
0
0
0
0
0
0
0
0
0
0
0
0
0
0
0
0
0
0
0.484527
0.00795756
0
0
0.00265252
0.00265252
0.000884173
0.00530504
0.00972591
0.0114943
0.0265252
0.066313
0.125553
0.0141468
0.00972591
0.00265252
0
0
0.00176835
0.13351
0.0680813
0.00442087
0.00265252
0
0
0
0
0
0
0
0
0
0.00265252
0.0167993
0
0
0
0
0
0
0
0
0.00176835
0.000884173
0.00884173
0.00442087
0.00265252
0.00707339
0.00618921
0.0123784
0.0221043
0.0159151
0.0229885
0.0362511
0.0548187
0.0725022
0.0937224
0.0786914
0.0645446
0.0751547
0.114058
0.0795756
0.0707339
0.0495137
0.0477454
0.045977
0.0114943
0
0
0
0
0
0
0
0
0
0
0
0
0.0167993
0.0114943
0.0282935
0.0574713
0.0512821
0.102564
0.148541
0.102564
0.0928382
0.131742
0.126437
0.0574713
0.0539346
0.0150309
0.00353669
0
0
0
0
0
0
