1.5748
1.87008
0.787402
0.295276
0
0
0
0
0
0
0
0
0.19685
4.62598
5.51181
6.69292
7.7756
7.87402
5.80709
7.28347
5.41339
4.92126
3.54331
2.26378
2.26378
3.74016
3.24803
3.93701
2.7559
2.3622
2.55905
1.9685
0.295276
0
0
0
0
0
0
0
0.393701
1.87008
2.16535
3.64173
2.46063
0
0
0
0
0
0
0
0.0984252
0.393701
0.688976
0.295276
0.19685
0.19685
0.787402
2.3622
2.7559
4.52756
4.92126
6.49607
7.18504
6.59449
7.3819
6.00394
6.59449
6.69292
6.49607
7.08662
5.80709
6.10237
4.13386
2.65748
0.787402
0.393701
0.393701
0.787402
0.492126
0.590551
0.0984252
0.0984252
0
0
0
0
0
0
0
0
0
0
0
0
0
0
0
0
0
0
0
0
0.295276
0
0
0.0984252
0.590551
0
0
0.295276
0.19685
1.77165
2.85433
3.24803
3.44488
6.69292
7.3819
4.23228
3.44488
4.13386
3.64173
4.13386
4.92126
3.83858
3.74016
2.06693
3.24803
4.52756
5.01969
5.51181
5.61024
6.59449
8.563
0
0
0
0
0
0
0
0
0
0
0
0
0
0
0
0
0
0
0
0
0
0
0
0
0
0
0
0
0
0
0
0
0
0
0
0
0
0
0
0
0
0
0
0
0
0
0
0
0
0
0
0
0
0
0
0
0
0
0
0
0
0
0
0
0
0
0
0
0
0
0
0
0
0
0
0
0
0
0
0
0
0
0
0
0
0
0
0
0
0
0
0
0
0
0
0
0
0
0
0
0
0
0
0
0
0
0
0
59.7834
40.2162
0
0
0
0
0
0
0
0
0
0
0
0
0
0
0
0
0
0
0
0
0
0
0
0
0
0
0
0
0
0
0
0
0
0
0
0
0
0
0
0
0
0
0
0
0
0
0
0
0
0
0
0
0
0
0
0
0
0
0
0
0
0
0
0.292035
0.0147493
0
0
0
0
0.00294985
0
0.00393314
0.00393314
0.00294985
0.0324484
0.241888
0.0108161
0.00294985
0.00196657
0
0
0.00786627
0.268437
0.0747296
0.00294985
0.000983284
0
0
0
0
0
0
0
0
0
0.00196657
0.0324484
0
0
0
0
0
0
0
0
0.00196657
0.000983284
0.0058997
0.00983284
0.00786627
0.00884956
0.00688299
0.00884956
0.0108161
0.00786627
0.0127827
0.0147493
0.0255654
0.0501475
0.0629302
0.126844
0.0983284
0.0963618
0.0747296
0.0530973
0.0609636
0.079646
0.105211
0.0570305
0.0117994
0
0
0
0
0
0
0
0
0
0
0
0
0.0255654
0.0216323
0.0176991
0.0157325
0.0294985
0.0973451
0.144543
0.172075
0.193707
0.113078
0.0757129
0.0530973
0.0314651
0.00393314
0.00294985
0.00196657
0
0
0
0
0
