0.316957
0.871632
1.10935
0.554675
0.871632
1.10935
0.554675
1.03011
0.475436
0.713154
0.237718
1.26783
2.2187
2.77338
3.09033
2.85261
3.80349
6.33915
7.36926
9.42947
6.81458
7.8447
6.10143
4.35816
2.69414
1.42631
0.950872
0.237718
0.0792393
0
0
0
0
0
0
0
0.237718
2.6149
4.12044
2.29794
2.37718
2.37718
4.75436
2.53566
1.26783
0.554675
0.237718
0.0792393
0.554675
0.237718
0.396197
0.237718
0.158479
0.396197
0.0792393
0.633914
0.237718
0.158479
0.158479
0.237718
0.475436
0.475436
5.62599
10.3803
6.97306
9.19176
8.08241
7.68622
7.0523
7.36926
7.60698
9.50871
10.0634
1.98098
0
0.237718
0.316957
0.0792393
0.316957
0.237718
0.158479
0.0792393
0.316957
0.158479
0.237718
0.237718
0.237718
0.316957
0.0792393
0.237718
0
0
0
0
0
0
0
0
0
0
0
0
0
0
0
0
0
0
0.950872
1.34707
2.13946
1.58479
0.396197
1.66402
3.64501
5.46751
5.54675
11.0143
7.13154
5.2298
4.51664
5.30904
4.51664
3.88273
2.53566
4.19968
4.8336
4.8336
3.64501
3.24881
3.80349
2.85261
2.53566
2.45642
0.792393
0
0
0
0
0
0
0
0
0
0
0
0
0
0
0
0
0
0
0
0
0
0
0
0
0
0
0
0
0
0
0
0
0
0
0
0
0
0
0
0
0
0
0
0
0
0
0
0
0
0
0
0
0
0
0
0
0
0
0
0
0
0
0
0
0
0
0
0
0
0
0
0
0
0
0
0
0
0
0
0
0
0
0
0
0
0
0
0
0
0
0
0
0
0
0
0
0
0
0
0
0
0
0
0
0
0
0
0
41.8053
58.1951
0
0
0
0
0
0
0
0
0
0
0
0
0
0
0
0
0
0
0
0
0
0
0
0
0
0
0
0
0
0
0
0
0
0
0
0
0
0
0
0
0
0
0
0
0
0
0
0
0
0
0
0
0
0
0
0
0
0
0
0
0
0
0
0.0538401
0.00712589
0
0.000791766
0.0142518
0.258907
0.00158353
0.0023753
0.000791766
0.00395883
0.000791766
0.0174188
0.155978
0.0435471
0.0158353
0.000791766
0
0
0.00870942
0.351544
0.0498812
0.00395883
0.00158353
0
0
0
0
0
0
0
0
0
0.00158353
0.00475059
0
0
0
0
0
0
0
0
0.00158353
0.00158353
0.00554236
0.00950119
0.00475059
0.00554236
0.00633413
0.00712589
0.00870942
0.010293
0.0182106
0.0308789
0.0332542
0.0538401
0.0918448
0.106888
0.0665083
0.0514648
0.0562154
0.0530483
0.077593
0.0958036
0.104513
0.0902613
0.00870942
0
0
0
0
0
0
0
0
0
0
0
0
0.0490895
0.192399
0.087886
0.0182106
0.0316706
0.0673001
0.0815519
0.144893
0.159145
0.0863025
0.0348377
0.0253365
0.0142518
0.00633413
0.000791766
0
0
0
0
0
0
