0.824176
1.4652
1.64835
1.4652
1.8315
1.73993
2.10623
1.4652
0.824176
0.457875
0.274725
0.641026
2.10623
1.8315
3.47985
5.40293
4.30403
5.31136
3.2967
3.38828
3.38828
4.94506
5.12821
4.57876
5.67766
4.57876
3.84616
2.5641
3.02198
2.10623
1.0989
0.641026
0.457875
0.732601
0.732601
0.3663
0.3663
0.915751
1.19048
1.19048
1.37363
2.5641
1.55678
1.55678
1.64835
0.18315
0.3663
0.641026
0.18315
0.3663
0.18315
0
0.457875
0.18315
0.3663
0.641026
0.274725
0.549451
0.457875
0.274725
0.3663
4.02931
9.70696
10.5311
8.33334
4.76191
3.75458
6.77656
7.78389
9.34066
6.77656
10.6227
5.58608
1.00733
0.274725
0.0915751
0.0915751
0.18315
0.274725
0.3663
0.3663
0.18315
0.732601
0.3663
0.274725
0.824176
0.549451
0.549451
0.3663
0.0915751
0
0
0
0
0
0
0
0
0
0
0
0
0
0
0
0
0.0915751
1.55678
2.38095
2.1978
0.732601
0.274725
0.549451
1.4652
2.47253
3.93773
5.21978
7.23444
4.30403
5.95238
5.21978
4.57876
4.48718
3.75458
3.75458
3.38828
2.83883
3.84616
2.47253
2.74725
4.39561
4.39561
4.57876
5.21978
6.04396
0
0
0
0
0
0
0
0
0
0
0
0
0
0
0
0
0
0
0
0
0
0
0
0
0
0
0
0
0
0
0
0
0
0
0
0
0
0
0
0
0
0
0
0
0
0
0
0
0
0
0
0
0
0
0
0
0
0
0
0
0
0
0
0
0
0
0
0
0
0
0
0
0
0
0
0
0
0
0
0
0
0
0
0
0
0
0
0
0
0
0
0
0
0
0
0
0
0
0
0
0
0
0
0
0
0
0
0
59.927
40.0733
0
0
0
0
0
0
0
0
0
0
0
0
0
0
0
0
0
0
0
0
0
0
0
0
0
0
0
0
0
0
0
0
0
0
0
0
0
0
0
0
0
0
0
0
0
0
0
0
0
0
0
0
0
0
0
0
0
0
0
0
0
0
0
0.284538
0
0
0
0.0182983
0.0484904
0
0
0
0
0
0
0.000914913
0.00182983
0.00274474
0
0
0
0.00548948
0.245197
0.129003
0.145471
0.0347667
0.00914913
0
0
0
0
0
0
0
0.000914913
0.0265325
0.0466606
0
0
0
0
0
0
0
0
0
0.000914913
0.00274474
0.00274474
0.00914913
0.010979
0.010064
0.00548948
0.00548948
0.0146386
0.0182983
0.0475755
0.0585544
0.0603843
0.0640439
0.0832571
0.0905764
0.0603843
0.0585544
0.0484904
0.0558097
0.0869167
0.118024
0.0713632
0.0155535
0
0
0
0
0
0
0
0
0
0
0
0
0.0137237
0.063129
0.0484904
0.0164684
0.0265325
0.074108
0.0786825
0.128088
0.188472
0.123513
0.0777676
0.0869167
0.042086
0.0228728
0.00640439
0.000914913
0.00182983
0
0
0
0
