1.61597
1.52091
0.475285
0
0.190114
0.285171
0
0
0
0
0
0
0.190114
2.94677
8.1749
10.3612
7.41445
6.55893
6.84411
6.08365
5.79848
5.70342
3.80228
4.46768
4.84791
4.08745
1.9962
1.9962
1.42586
1.14068
1.3308
1.42586
1.3308
0
0
0
0
0
0
0
0.190114
1.52091
1.90114
2.6616
1.80608
0
0
0
0
0
0
0
0
0.095057
0.285171
0.285171
0.190114
0.190114
3.51711
4.65779
3.42205
4.37262
5.41825
7.22433
6.55893
5.32319
6.93916
6.84411
5.22814
6.46388
5.60836
5.03802
4.65779
6.17871
3.23194
2.56654
2.85171
0.855513
0.190114
0.190114
0.095057
0.190114
0.285171
0.095057
0.380228
0
0.095057
0.190114
0.285171
0.095057
0
0
0
0
0
0
0
0
0
0
0
0
0.285171
0.760456
0
0
0.855513
0.760456
0.190114
0.190114
0.190114
0.190114
0
1.3308
1.3308
1.80608
3.70722
7.79468
3.61217
3.99239
4.94297
4.46768
3.89734
3.42205
4.37262
4.56274
5.03802
5.51331
5.03802
6.08365
5.41825
4.56274
4.27757
5.98859
5.51331
0
0
0
0
0
0
0
0
0
0
0
0
0
0
0
0
0
0
0
0
0
0
0
0
0
0
0
0
0
0
0
0
0
0
0
0
0
0
0
0
0
0
0
0
0
0
0
0
0
0
0
0
0
0
0
0
0
0
0
0
0
0
0
0
0
0
0
0
0
0
0
0
0
0
0
0
0
0
0
0
0
0
0
0
0
0
0
0
0
0
0
0
0
0
0
0
0
0
0
0
0
0
0
0
0
0
0
0
12.1558
87.8434
0
0
0
0
0
0
0
0
0
0
0
0
0
0
0
0
0
0
0
0
0
0
0
0
0
0
0
0
0
0
0
0
0
0
0
0
0
0
0
0
0
0
0
0
0
0
0
0
0
0
0
0
0
0
0
0
0
0
0
0
0
0
0
0.182336
0.00854701
0
0
0
0
0.000949668
0.00189934
0.000949668
0.00379867
0.00664767
0.042735
0.214625
0.0180437
0.00569801
0.000949668
0
0
0.002849
0.404558
0.0645774
0.00189934
0.000949668
0.000949668
0
0
0
0
0
0
0
0
0.00474834
0.0322887
0
0
0
0
0
0
0
0
0.000949668
0.002849
0.0123457
0.00379867
0.00664767
0.00759734
0.014245
0.00759734
0.00949668
0.02849
0.0303894
0.0550807
0.0740741
0.0769231
0.0607787
0.0807218
0.0512821
0.0332384
0.0655271
0.0579297
0.0626781
0.0512821
0.0968661
0.0978158
0.011396
0
0
0
0
0
0
0
0
0
0
0
0
0.0246914
0.0189934
0.0446344
0.0750237
0.0883191
0.116809
0.135802
0.0892688
0.165242
0.116809
0.0569801
0.0294397
0.022792
0.0104463
0.00474834
0
0
0
0
0
0
