1.57546
1.82421
1.3267
0.746269
0.995025
0.995025
0.165837
0
0
0
0.165837
1.49254
1.82421
2.07297
3.31675
3.5655
7.46268
7.13101
8.04311
6.71641
4.14594
4.64345
4.56053
3.89718
4.31177
3.64842
1.40962
2.23881
1.3267
0.912106
0.66335
0.165837
0
0
0
0.0829187
0.165837
0.331675
0.995025
2.6534
2.73632
3.31675
3.89718
2.40464
2.15589
0
0
0.0829187
0.0829187
0.331675
0.497512
0.248756
0.497512
0.746269
0.248756
0.497512
0.165837
0.248756
0.580431
0.331675
0.66335
1.24378
5.38971
9.86733
8.95522
7.29684
6.55058
5.80431
6.2189
7.29684
8.45771
11.194
9.12106
3.89718
0.248756
0.414594
0.248756
0.331675
0.414594
0.331675
0.165837
0.0829187
0.0829187
0.248756
0.497512
0.0829187
0.165837
0.0829187
0.165837
0
0
0
0
0
0
0
0
0
0
0
0
0
0
0
0
0
0.414594
1.07794
0.497512
1.07794
1.16086
1.16086
0.248756
1.65838
3.23383
4.06302
6.46766
5.88723
4.97512
4.72637
5.97015
4.39469
5.05804
5.55555
3.64842
3.89718
4.97512
5.3068
5.38971
4.72637
5.14096
2.73632
2.73632
2.40464
1.49254
0
0
0
0
0
0
0
0
0
0
0
0
0
0
0
0
0
0
0
0
0
0
0
0
0
0
0
0
0
0
0
0
0
0
0
0
0
0
0
0
0
0
0
0
0
0
0
0
0
0
0
0
0
0
0
0
0
0
0
0
0
0
0
0
0
0
0
0
0
0
0
0
0
0
0
0
0
0
0
0
0
0
0
0
0
0
0
0
0
0
0
0
0
0
0
0
0
0
0
0
0
0
0
0
0
0
0
0
31.7315
68.2688
0
0
0
0
0
0
0
0
0
0
0
0
0
0
0
0
0
0
0
0
0
0
0
0
0
0
0
0
0
0
0
0
0
0
0
0
0
0
0
0
0
0
0
0
0
0
0
0
0
0
0
0
0
0
0
0
0
0
0
0
0
0
0
0.394366
0.014913
0
0
0.0521955
0.149959
0.0008285
0.003314
0.003314
0.008285
0.031483
0.0372825
0.170671
0.014913
0.0091135
0.001657
0
0.0024855
0.008285
0.074565
0.013256
0.0008285
0.0008285
0.0008285
0
0
0
0
0
0
0
0
0.0008285
0.0057995
0
0
0
0
0
0
0
0
0.0024855
0.0008285
0.004971
0.0074565
0.00994201
0.00994201
0.018227
0.0140845
0.008285
0.0107705
0.021541
0.043082
0.057995
0.077879
0.106877
0.150787
0.100249
0.0704225
0.096106
0.0637945
0.057995
0.0240265
0.021541
0.018227
0.0024855
0
0
0
0
0
0
0
0
0
0
0
0
0.0323115
0.144159
0.100249
0.0323115
0.03314
0.0671085
0.13256
0.127589
0.072908
0.072908
0.0820215
0.0472245
0.0389395
0.00994201
0.004971
0.0008285
0
0.0008285
0
0
0
