2.41503
2.32558
1.16279
0.178891
0.626118
0.357782
0
0
0
0
0
0
0.0894454
1.16279
2.14669
6.61897
8.13954
6.61897
8.94455
7.06619
7.15564
5.00894
3.75671
2.86225
2.86225
1.69946
0.9839
0.536673
0
0
0
0.0894454
0
0
0
0
0.626118
1.07335
2.32558
2.68336
1.69946
5.45617
4.56172
5.45617
3.39893
0
0
0.0894454
0
0.178891
0
0.0894454
0
0.178891
0.0894454
0.0894454
0.268336
0.447227
0.357782
0.447227
0.268336
0.357782
0
2.77281
7.24508
16.0107
19.4991
15.8318
12.7012
10.7334
6.97675
3.13059
0.268336
0.178891
0.0894454
0.178891
0
0.268336
0.178891
0.357782
0.178891
0.268336
0
0
0.268336
0
0
0
0.0894454
0
0
0
0
0
0
0
0
0
0
0
0
0
0
0
0
0
0
0
0
0.805009
1.52057
1.52057
0.357782
2.50447
5.27728
5.72451
4.29338
3.9356
4.56172
5.27728
5.45617
6.70841
5.63506
6.44007
5.18784
5.45617
3.84615
4.47227
3.84615
5.63506
3.30948
3.66726
2.77281
0.715564
1.16279
0
0
0
0
0
0
0
0
0
0
0
0
0
0
0
0
0
0
0
0
0
0
0
0
0
0
0
0
0
0
0
0
0
0
0
0
0
0
0
0
0
0
0
0
0
0
0
0
0
0
0
0
0
0
0
0
0
0
0
0
0
0
0
0
0
0
0
0
0
0
0
0
0
0
0
0
0
0
0
0
0
0
0
0
0
0
0
0
0
0
0
0
0
0
0
0
0
0
0
0
0
0
0
0
0
0
0
0
48.1682
51.8323
0
0
0
0
0
0
0
0
0
0
0
0
0
0
0
0
0
0
0
0
0
0
0
0
0
0
0
0
0
0
0
0
0
0
0
0
0
0
0
0
0
0
0
0
0
0
0
0
0
0
0
0
0
0
0
0
0
0
0
0
0
0
0
0.352994
0.00536193
0
0
0
0.000893655
0.000893655
0.00178731
0.00178731
0.00357462
0.025916
0.0437891
0.152815
0.0223414
0.00714924
0
0
0
0.00268097
0.251117
0.0813226
0.00446828
0.00357462
0.000893655
0
0
0
0
0
0
0
0
0.00714924
0.0294906
0
0
0
0
0
0
0
0
0
0
0.00625559
0.000893655
0.00178731
0.00714924
0.00625559
0.00714924
0.00446828
0.00893655
0.0187668
0.0268097
0.0348525
0.0455764
0.051832
0.0875782
0.077748
0.0714924
0.0911528
0.0983021
0.0893655
0.0786416
0.0920465
0.080429
0.0125112
0
0
0
0
0
0
0
0
0
0
0
0
0.0080429
0.0134048
0.0125112
0.0268097
0.0366399
0.0759607
0.100089
0.153709
0.197498
0.140304
0.10992
0.0598749
0.0473637
0.0125112
0.00357462
0.00178731
0
0
0
0
0
