2.8692
2.1097
1.77215
1.18143
2.27848
1.85654
0.675106
0.506329
0.168776
0.337553
0
0.421941
1.35021
3.45992
3.96625
2.70042
4.47258
6.49789
5.82279
6.58228
5.82279
4.55696
4.3038
2.53165
3.5443
2.19409
2.78481
1.18143
0.675106
0.421941
0
0
0.0843882
0
0
0
0.675106
1.60338
1.77215
3.12236
3.03798
2.70042
3.20675
3.5443
3.29114
0.0843882
0
0.168776
0
0.253165
0.253165
0.253165
0.168776
0.168776
0
0.421941
0.168776
0.168776
0
0.0843882
0.168776
0
0.0843882
0.0843882
3.29114
19.8312
17.7215
13.2489
13.4177
19.3249
7.84811
0.0843882
0.337553
0.0843882
0.253165
0.0843882
0.0843882
0.0843882
0.168776
0.168776
0.0843882
0.0843882
0.337553
0.337553
0.168776
0.168776
0.0843882
0
0
0.253165
0
0
0
0
0
0
0
0
0
0
0
0
0
0
0
0
0
0
0
0.337553
1.85654
0.92827
1.09705
3.12236
6.66667
6.07595
4.47258
4.38819
4.21941
4.05063
4.21941
4.47258
3.12236
4.89452
4.81013
5.14768
4.81013
5.23207
5.99156
5.7384
3.62869
3.20675
3.12236
3.12236
1.35021
0
0
0
0
0
0
0
0
0
0
0
0
0
0
0
0
0
0
0
0
0
0
0
0
0
0
0
0
0
0
0
0
0
0
0
0
0
0
0
0
0
0
0
0
0
0
0
0
0
0
0
0
0
0
0
0
0
0
0
0
0
0
0
0
0
0
0
0
0
0
0
0
0
0
0
0
0
0
0
0
0
0
0
0
0
0
0
0
0
0
0
0
0
0
0
0
0
0
0
0
0
0
0
0
0
0
0
0
46.7957
53.2037
0
0
0
0
0
0
0
0
0
0
0
0
0
0
0
0
0
0
0
0
0
0
0
0
0
0
0
0
0
0
0
0
0
0
0
0
0
0
0
0
0
0
0
0
0
0
0
0
0
0
0
0
0
0
0
0
0
0
0
0
0
0
0
0.413153
0.0134907
0
0
0.0489039
0.177066
0.00084317
0.00252951
0.00505902
0.00505902
0.0244519
0.0725126
0.150927
0.00505902
0.00674536
0
0
0
0.00084317
0.0421585
0.0160202
0.00084317
0.00168634
0
0
0
0
0
0
0
0
0
0.00084317
0.0118044
0
0
0
0
0
0
0
0
0.00084317
0.00168634
0
0.00168634
0.00168634
0.00084317
0.00590219
0.00590219
0.00927487
0.00674536
0.0168634
0.0320405
0.0463744
0.102024
0.161046
0.144182
0.12226
0.0893761
0.0809444
0.06914
0.0379427
0.0252951
0.0168634
0.0177066
0.00337268
0
0
0
0
0
0
0
0
0
0
0
0
0.0177066
0.130691
0.100337
0.0185497
0.0286678
0.0607083
0.137437
0.165261
0.0969646
0.0750422
0.0826307
0.0421585
0.03457
0.00758853
0.00168634
0
0
0
0
0
0
