3.81818
1.72727
0.454545
0.363636
0.272727
0
0
0
0.181818
0.363636
0.727273
0.909091
1.18182
1.45455
1.72727
2.18182
4.45454
6.90909
8.99999
10.9091
10.2727
6.45454
6.18181
5.09091
4.27273
1.45455
1.18182
0.818182
0.0909091
0.272727
0
0.272727
0.181818
0.181818
0.0909091
0.363636
0
0
0.363636
0.545455
1.72727
1.90909
3.90909
4
3.81818
0
0
0
0
0.0909091
0.0909091
0.181818
0
0.181818
0.0909091
0.181818
0.454545
0.454545
0.454545
1.36364
3.63636
2.90909
4.90909
7
8.81818
9.27272
7.36363
8.45454
8.81818
8.36363
5.18182
6.63636
4.45454
4.45454
3.81818
0.727273
0.181818
0.454545
0.363636
0.363636
0.272727
0.0909091
0
0
0
0
0
0
0
0
0
0
0
0
0
0
0
0
0
0
0
0
0
0
0
0
0.272727
0.363636
0.454545
1
0.909091
0.909091
0.727273
1.81818
7.45454
5.63636
5.36363
5.27272
6
4.09091
5.45454
5.27272
5.63636
5.63636
4.72727
5.27272
4.81818
4.54545
2.54545
3.27273
2.90909
1.90909
2.45455
2.63636
2.72727
0
0
0
0
0
0
0
0
0
0
0
0
0
0
0
0
0
0
0
0
0
0
0
0
0
0
0
0
0
0
0
0
0
0
0
0
0
0
0
0
0
0
0
0
0
0
0
0
0
0
0
0
0
0
0
0
0
0
0
0
0
0
0
0
0
0
0
0
0
0
0
0
0
0
0
0
0
0
0
0
0
0
0
0
0
0
0
0
0
0
0
0
0
0
0
0
0
0
0
0
0
0
0
0
0
0
0
0
40.872
59.1284
0
0
0
0
0
0
0
0
0
0
0
0
0
0
0
0
0
0
0
0
0
0
0
0
0
0
0
0
0
0
0
0
0
0
0
0
0
0
0
0
0
0
0
0
0
0
0
0
0
0
0
0
0
0
0
0
0
0
0
0
0
0
0
0.430518
0
0
0
0
0
0
0
0
0
0
0
0
0
0
0
0
0
0.0027248
0.398728
0.113533
0.0108992
0.000908265
0
0
0
0
0
0
0
0
0
0.00544959
0.0372389
0
0
0
0
0
0
0
0
0
0.00363306
0.00181653
0.00908265
0.00181653
0.00635786
0.00544959
0.00726612
0.00635786
0.00817439
0.013624
0.0263397
0.0372389
0.0435967
0.0336058
0.0281562
0.044505
0.0817439
0.128974
0.110808
0.101726
0.0626703
0.106267
0.117166
0.013624
0
0
0
0
0
0
0
0
0
0
0
0
0.0127157
0.0154405
0.0227066
0.0463215
0.027248
0.0508629
0.0635786
0.08901
0.17802
0.202543
0.145322
0.0835604
0.058129
0.00454133
0
0
0
0
0
0
0
