2.14984
1.56352
1.49837
2.14984
1.23778
0.456026
0.130293
0
0
0.0651466
0
0.0651466
0.325733
1.88925
3.32248
7.36156
8.4039
6.84039
5.66775
6.90553
5.34202
3.9088
3.7785
2.54072
3.45277
2.99674
1.88925
0.846905
0.390879
0.325733
0.0651466
0
0
0
0
0.390879
0.651466
0.912052
2.41042
3.51792
3.71336
2.67101
3.71336
4.03909
2.47557
0.130293
0.390879
0.456026
0.586319
0.390879
0.390879
0.325733
0.130293
0.0651466
0.130293
0.260586
0.325733
0.325733
0.325733
0.19544
0.130293
0.130293
0.19544
5.01629
10.5537
11.0098
9.18566
10.4886
9.44625
11.5309
11.9218
10.0977
0.130293
0.130293
0
0.325733
0.0651466
0.19544
0.130293
0.260586
0.19544
0.130293
0.0651466
0.586319
0.325733
0.19544
0.586319
0.977199
1.36808
0.260586
0
0
0
0
0
0
0
0
0
0
0
0
0
0
0
0
0
0
0
1.49837
3.19218
0.716612
0.586319
3.84365
7.10097
7.75244
6.18892
4.82085
4.95114
4.49512
4.23453
3.9088
4.10424
4.36482
5.08143
4.56026
4.23453
3.38762
4.10424
4.7557
3.32248
3.58306
2.60586
1.49837
1.17264
0
0
0
0
0
0
0
0
0
0
0
0
0
0
0
0
0
0
0
0
0
0
0
0
0
0
0
0
0
0
0
0
0
0
0
0
0
0
0
0
0
0
0
0
0
0
0
0
0
0
0
0
0
0
0
0
0
0
0
0
0
0
0
0
0
0
0
0
0
0
0
0
0
0
0
0
0
0
0
0
0
0
0
0
0
0
0
0
0
0
0
0
0
0
0
0
0
0
0
0
0
0
0
0
0
0
0
0
44.2709
55.7295
0
0
0
0
0
0
0
0
0
0
0
0
0
0
0
0
0
0
0
0
0
0
0
0
0
0
0
0
0
0
0
0
0
0
0
0
0
0
0
0
0
0
0
0
0
0
0
0
0
0
0
0
0
0
0
0
0
0
0
0
0
0
0
0.641927
0.0201823
0
0
0.0546875
0.129557
0.00130208
0.00260417
0.00520833
0.00976563
0.0253906
0.0195313
0.015625
0.00976563
0.00520833
0
0
0
0.00260417
0.0208333
0.00260417
0
0
0
0
0
0
0
0
0
0
0
0.00390625
0.0292969
0
0
0
0
0
0
0
0
0.000651042
0
0
0.00195313
0.00195313
0.00390625
0.00455729
0.00911458
0.0123698
0.0078125
0.0188802
0.0358073
0.0664063
0.0729167
0.0917969
0.134766
0.157552
0.115885
0.110026
0.0859375
0.0397135
0.0169271
0.00651042
0.00455729
0
0
0
0
0
0
0
0
0
0
0
0
0
0.0130208
0.0898438
0.0924479
0.0325521
0.0279948
0.0898438
0.101563
0.0839844
0.110677
0.135417
0.105469
0.0891927
0.0253906
0.00260417
0
0
0
0
0
0
0
