2.36686
1.11769
1.18343
0.394477
0.262985
0.131492
0.131492
0.591716
0.328731
0.394477
0.460224
0.723208
0.854701
1.05194
2.76134
6.04866
7.42933
8.87575
7.82381
8.15254
8.28403
7.23209
5.06246
3.02433
1.51216
0.788954
0.920447
0.394477
0.460224
0.131492
0.262985
0
0.0657462
0.0657462
0.197239
1.24918
1.11769
0.920447
0.657462
1.24918
1.90664
2.82709
3.48455
3.81328
3.35306
1.38067
0.328731
0.197239
0.328731
0.131492
0.197239
0.197239
0.197239
0.0657462
0.262985
0.394477
0.262985
0.262985
0.0657462
0.328731
4.73373
6.18015
6.31164
6.64037
9.92769
11.1769
8.61276
8.34978
8.41552
5.06246
6.04866
4.79948
3.22157
1.31492
2.36686
0
0.0657462
0.197239
0.460224
0.262985
0.197239
0.0657462
0.131492
0.197239
0.0657462
0.0657462
0.0657462
0.197239
0.0657462
0.262985
0
0
0
0
0
0
0
0
0
0
0
0
0
0
0
0
0.394477
0.591716
0.197239
0.394477
0.854701
0.723208
0.591716
3.81328
5.78567
6.44313
6.37739
6.70612
4.79948
5.85142
4.53649
4.73373
4.14201
4.99672
4.86522
4.14201
4.47075
4.99672
4.47075
3.61604
4.01052
3.02433
1.97239
1.64365
0.920447
0
0
0
0
0
0
0
0
0
0
0
0
0
0
0
0
0
0
0
0
0
0
0
0
0
0
0
0
0
0
0
0
0
0
0
0
0
0
0
0
0
0
0
0
0
0
0
0
0
0
0
0
0
0
0
0
0
0
0
0
0
0
0
0
0
0
0
0
0
0
0
0
0
0
0
0
0
0
0
0
0
0
0
0
0
0
0
0
0
0
0
0
0
0
0
0
0
0
0
0
0
0
0
0
0
0
0
0
34.8883
65.1123
0
0
0
0
0
0
0
0
0
0
0
0
0
0
0
0
0
0
0
0
0
0
0
0
0
0
0
0
0
0
0
0
0
0
0
0
0
0
0
0
0
0
0
0
0
0
0
0
0
0
0
0
0
0
0
0
0
0
0
0
0
0
0
0.396189
0.00722733
0
0
0.021682
0.156373
0
0.00065703
0.00131406
0.00065703
0
0.00459921
0.0124836
0.0315375
0.00788436
0.00131406
0
0.00262812
0.0065703
0.262812
0.0519054
0.00131406
0.00065703
0
0
0
0
0
0
0
0
0
0.00328515
0.0289093
0
0
0
0
0
0
0
0
0.00131406
0.00131406
0.00394218
0.00328515
0.00459921
0.00197109
0.00722733
0.00919842
0.00459921
0.00722733
0.021025
0.021682
0.0361367
0.0814717
0.106439
0.124836
0.136005
0.0729304
0.0689882
0.0532194
0.0505913
0.0492773
0.0683311
0.0545335
0.00985545
0
0
0
0
0
0
0
0
0
0
0
0
0.0308804
0.116294
0.0624179
0.0229961
0.0295664
0.043364
0.0965834
0.169514
0.222733
0.112352
0.0499343
0.0394218
0.00262812
0.00131406
0
0
0
0
0
0
0
