1.65289
1.0101
1.92838
0.550964
0.826446
0.275482
0.0918274
0
0
0
0
0.642792
2.84665
2.57117
2.66299
6.51974
8.35629
7.07071
6.24426
5.96878
4.49954
3.94858
3.76492
2.93848
3.0303
2.66299
3.12213
3.12213
2.11203
2.66299
2.11203
1.10193
0.183655
0.0918274
0
0
0
0.275482
1.0101
1.0101
1.83655
2.0202
2.93848
3.30579
3.12213
0
0.275482
0
0.183655
0
0.183655
0.275482
0.367309
0.0918274
0.183655
0.183655
0.183655
0.367309
0.183655
0.275482
0.642792
2.66299
4.95868
5.78513
6.79523
7.7135
9.36639
7.25436
7.25436
7.89716
7.89716
7.98898
9.45822
6.88705
1.46924
0.367309
0.0918274
0.0918274
0.367309
0.367309
0
0.183655
0.275482
0.367309
0.550964
0.550964
0
0
0.0918274
0
0
0
0
0
0
0
0
0
0
0
0
0
0
0
0
0.734619
0.183655
0.183655
1.56107
0.734619
0.642792
0.0918274
0.183655
0.642792
3.30579
5.41782
5.87695
5.60147
5.05051
4.49954
3.30579
4.49954
3.85675
5.50964
3.76492
4.6832
5.6933
4.0404
4.22406
5.32599
4.40771
4.31589
3.76492
3.30579
4.6832
0
0
0
0
0
0
0
0
0
0
0
0
0
0
0
0
0
0
0
0
0
0
0
0
0
0
0
0
0
0
0
0
0
0
0
0
0
0
0
0
0
0
0
0
0
0
0
0
0
0
0
0
0
0
0
0
0
0
0
0
0
0
0
0
0
0
0
0
0
0
0
0
0
0
0
0
0
0
0
0
0
0
0
0
0
0
0
0
0
0
0
0
0
0
0
0
0
0
0
0
0
0
0
0
0
0
0
0
51.1928
48.8075
0
0
0
0
0
0
0
0
0
0
0
0
0
0
0
0
0
0
0
0
0
0
0
0
0
0
0
0
0
0
0
0
0
0
0
0
0
0
0
0
0
0
0
0
0
0
0
0
0
0
0
0
0
0
0
0
0
0
0
0
0
0
0
0.413761
0.00825688
0
0
0
0.000917431
0.00183486
0.00366972
0.00733945
0.00917431
0.0211009
0.0330275
0.215596
0.0165138
0.00550459
0.00366972
0
0.000917431
0.0110092
0.165138
0.0412844
0.00183486
0.00183486
0.000917431
0
0
0
0
0
0
0
0
0.00366972
0.0330275
0
0
0
0
0
0
0
0
0
0
0.00550459
0.00458716
0.00733945
0.0110092
0.00458716
0.012844
0.0366972
0.0458716
0.0577982
0.0577982
0.0587156
0.0633028
0.0614679
0.101835
0.0954128
0.0917431
0.0724771
0.0568807
0.040367
0.0238532
0.046789
0.040367
0.00275229
0
0
0
0
0
0
0
0
0
0
0
0
0.012844
0.0238532
0.0440367
0.0715596
0.113761
0.143119
0.12844
0.0862385
0.101835
0.124771
0.0623853
0.0577982
0.0229358
0.00275229
0.00275229
0
0
0.000917431
0
0
0
