1.38408
1.79931
1.7301
1.10727
1.03806
0.83045
0.276817
0
0
0.0692042
0.207612
0.346021
1.45329
3.25259
3.18339
3.52941
5.67474
8.44291
9.55018
7.95849
5.95156
4.15225
4.35986
4.42906
3.80623
2.00692
2.00692
0.899654
0.0692042
0.207612
0.207612
0.346021
0.346021
0.0692042
0
0.346021
0.484429
1.03806
2.35294
2.07612
3.391
1.86851
2.56055
2.69896
2.56055
0.207612
0.276817
1.52249
0.207612
0.484429
0.276817
0.415225
0.276817
0.207612
0.207612
0.276817
0.207612
0.138408
0.207612
0.138408
0.138408
1.93772
8.37371
7.75087
6.29758
6.92042
8.85814
8.58132
8.44291
7.95849
7.40485
8.71973
8.02769
1.31488
0.0692042
0.276817
0.138408
0.276817
0.346021
0.346021
0.415225
0.346021
0.138408
0
0
0.346021
0.207612
0.899654
0.415225
0.0692042
0
0
0
0
0
0
0
0
0
0
0
0
0
0
0
0
0
0
0.761246
1.17647
1.6609
0.899654
0.207612
3.25259
5.53633
5.12111
6.5744
6.15917
5.39792
5.12111
4.49827
5.12111
5.0519
5.74395
3.94463
5.53633
3.80623
4.49827
3.25259
3.3218
2.83737
2.69896
2.76816
2.21453
2.90657
0
0
0
0
0
0
0
0
0
0
0
0
0
0
0
0
0
0
0
0
0
0
0
0
0
0
0
0
0
0
0
0
0
0
0
0
0
0
0
0
0
0
0
0
0
0
0
0
0
0
0
0
0
0
0
0
0
0
0
0
0
0
0
0
0
0
0
0
0
0
0
0
0
0
0
0
0
0
0
0
0
0
0
0
0
0
0
0
0
0
0
0
0
0
0
0
0
0
0
0
0
0
0
0
0
0
0
0
49.447
50.5535
0
0
0
0
0
0
0
0
0
0
0
0
0
0
0
0
0
0
0
0
0
0
0
0
0
0
0
0
0
0
0
0
0
0
0
0
0
0
0
0
0
0
0
0
0
0
0
0
0
0
0
0
0
0
0
0
0
0
0
0
0
0
0
0.576072
0.0228216
0
0
0.0421853
0.183264
0.0055325
0.00968188
0.00691563
0.0124481
0.0117566
0.0124481
0.0255878
0.00691563
0.00345781
0
0
0
0.00207469
0.0318119
0.00968188
0.000691563
0
0
0
0
0
0
0
0
0
0
0.00414938
0.0325035
0
0
0
0
0
0
0
0
0
0.00138313
0.00138313
0.00207469
0.00207469
0.0124481
0.0193638
0.0179806
0.0207469
0.0159059
0.0235131
0.0421853
0.0359613
0.0525588
0.0650069
0.103734
0.14177
0.146611
0.11964
0.10166
0.0435685
0.0138313
0.0103734
0.00484094
0.00138313
0
0
0
0
0
0
0
0
0
0
0
0
0.0145228
0.150761
0.105809
0.0539419
0.0318119
0.0456432
0.0463347
0.0484094
0.109959
0.145228
0.132089
0.0912863
0.02213
0.00207469
0
0
0
0
0
0
0
