2.95476
1.38504
0.461681
0.277008
0.0923361
0
0
0
0
0
0
0.277008
1.47738
3.60111
2.21607
3.50877
5.26316
7.57156
9.14127
10.3416
8.31025
7.75624
7.38689
4.24746
2.58541
1.47738
1.0157
1.47738
0.646353
0.184672
0.277008
0.461681
0.0923361
0
0.0923361
0
0
0
0.184672
0.369344
1.0157
1.38504
3.60111
4.70914
4.24746
0
0
0
0
0.184672
0
0
0
0.0923361
0
0.0923361
0.184672
0
0.0923361
1.84672
3.3241
4.24746
3.60111
4.98615
6.18652
5.17082
7.75624
6.83288
8.9566
11.4497
10.2493
7.6639
5.07849
3.60111
3.50877
3.13943
0.0923361
0.369344
0.184672
0.184672
0.646353
0.184672
0
0
0.184672
0
0
0
0
0
0
0
0
0
0
0
0
0
0
0
0
0
0
0
0
0.369344
0.0923361
0.277008
0.646353
0.461681
0.554017
0.369344
0.646353
2.40074
5.17082
7.47923
4.24746
4.61681
4.89382
5.90951
5.07849
4.15513
5.81718
5.07849
4.43213
5.26316
5.07849
3.60111
3.97045
3.87812
3.69345
3.04709
3.04709
2.86242
2.95476
0
0
0
0
0
0
0
0
0
0
0
0
0
0
0
0
0
0
0
0
0
0
0
0
0
0
0
0
0
0
0
0
0
0
0
0
0
0
0
0
0
0
0
0
0
0
0
0
0
0
0
0
0
0
0
0
0
0
0
0
0
0
0
0
0
0
0
0
0
0
0
0
0
0
0
0
0
0
0
0
0
0
0
0
0
0
0
0
0
0
0
0
0
0
0
0
0
0
0
0
0
0
0
0
0
0
0
0
43.7269
56.273
0
0
0
0
0
0
0
0
0
0
0
0
0
0
0
0
0
0
0
0
0
0
0
0
0
0
0
0
0
0
0
0
0
0
0
0
0
0
0
0
0
0
0
0
0
0
0
0
0
0
0
0
0
0
0
0
0
0
0
0
0
0
0
0.417897
0
0
0
0
0
0
0
0
0
0
0
0
0
0
0
0
0
0.00369004
0.407749
0.100554
0.00922509
0.00369004
0.00369004
0
0
0
0
0
0
0
0
0.0175277
0.0359779
0
0
0
0
0
0
0
0
0.00276753
0
0.00738007
0.00922509
0.00922509
0.00830258
0.0119926
0.0110701
0.00738007
0.0129151
0.00645756
0.0119926
0.0221402
0.0276753
0.0415129
0.0249077
0.0645756
0.0839483
0.129151
0.0876384
0.0636531
0.0719557
0.140221
0.130074
0.0138376
0
0
0
0
0
0
0
0
0
0
0
0
0.0239852
0.0267528
0.0239852
0.0166052
0.0147601
0.0276753
0.0553506
0.122694
0.194649
0.196494
0.165129
0.0765683
0.048893
0.00645756
0
0
0
0
0
0
0
