1.63265
1.87755
2.20408
2.77551
1.30612
4.97959
3.34694
1.22449
1.63265
2.04082
2.36735
2.20408
2.12245
2.44898
2.85714
2.20408
3.91837
2.28571
2.04082
1.46939
3.02041
2.04082
2.53061
3.34694
3.5102
4.73469
3.18367
2.93877
2.61224
1.71429
1.30612
1.55102
1.63265
1.38776
1.87755
2.20408
2.04082
2.20408
1.55102
1.38776
0.979592
1.95918
1.30612
0.897959
1.22449
0.244898
0.163265
0.0816327
0.0816327
0.163265
0.163265
0.244898
0.163265
0.0816327
0
0.163265
0.0816327
0
0.0816327
0.163265
0.244898
0.0816327
0.163265
0.0816327
0
7.7551
36.245
18.7755
20.6531
12.0816
0
0.0816327
0
0.163265
0.0816327
0
0
0
0
0.489796
0.0816327
0.408163
0
0.0816327
0.0816327
0.244898
0
0.0816327
0.0816327
0.244898
0
0
0
0
0
0
0
0
0
0
0
0
0
0
0
0
0
0
0
0
0.326531
2.04082
0.571429
3.7551
4.89796
5.14286
4.48979
5.38775
5.79592
6.44898
5.06122
3.26531
3.7551
3.83673
3.7551
3.91837
4.08163
2.77551
2.93877
3.18367
3.67347
4
4.32653
5.46939
7.18367
0
0
0
0
0
0
0
0
0
0
0
0
0
0
0
0
0
0
0
0
0
0
0
0
0
0
0
0
0
0
0
0
0
0
0
0
0
0
0
0
0
0
0
0
0
0
0
0
0
0
0
0
0
0
0
0
0
0
0
0
0
0
0
0
0
0
0
0
0
0
0
0
0
0
0
0
0
0
0
0
0
0
0
0
0
0
0
0
0
0
0
0
0
0
0
0
0
0
0
0
0
0
0
0
0
0
0
0
55.3832
44.6165
0
0
0
0
0
0
0
0
0
0
0
0
0
0
0
0
0
0
0
0
0
0
0
0
0
0
0
0
0
0
0
0
0
0
0
0
0
0
0
0
0
0
0
0
0
0
0
0
0
0
0
0
0
0
0
0
0
0
0
0
0
0
0
0.314029
0.0261011
0
0
0.0562806
0.218597
0.00489396
0.00489396
0.00163132
0.00652529
0.0163132
0.0342577
0.0154976
0.00897227
0.00326264
0
0
0
0.000815661
0.0579119
0.0815661
0.132137
0.00326264
0.000815661
0.000815661
0
0
0
0
0
0
0
0.00489396
0.00652529
0
0
0
0
0
0
0
0.000815661
0.00163132
0.000815661
0.000815661
0.000815661
0.00244698
0.00244698
0.0040783
0.00489396
0.00978793
0.0114192
0.0179445
0.0367047
0.0701468
0.0513866
0.0791191
0.107667
0.0954323
0.0986949
0.107667
0.088907
0.0774878
0.0562806
0.0473083
0.0228385
0.00244698
0
0
0
0
0
0
0
0
0
0
0
0
0.0236542
0.181077
0.0856444
0.0220228
0.0252855
0.0513866
0.0774878
0.0848287
0.096248
0.0848287
0.113377
0.0725938
0.0619902
0.0114192
0.00570962
0.00163132
0.000815661
0
0
0
0
