3.03327
2.05479
0
0.0978474
0
0
0
0
0
0
0
0
0.293542
0.782779
2.93542
6.55578
9.39335
8.02349
9.78473
9.49119
6.55578
5.96869
5.18591
7.33856
4.99022
4.30529
1.6634
0.587084
0.195695
0.684931
0.195695
0.195695
0
0
0
0
0
0
0
0
0
0.293542
3.62035
3.62035
2.25049
0
0
0
0
0
0
0
0.293542
0.195695
0.0978474
0.293542
0.391389
1.8591
3.62035
4.89237
4.40313
4.30529
5.08807
4.99022
5.28376
6.84932
5.87085
4.59883
6.55578
5.67515
5.67515
4.40313
4.89237
3.62035
4.20744
5.08807
2.93542
2.05479
0.684931
0.195695
0.587084
0.0978474
0.293542
0.0978474
0
0
0
0
0
0
0
0
0
0
0
0
0
0
0
0
0
0
0
0
0.293542
0.978473
1.36986
1.36986
0.391389
0.195695
0.0978474
0
0.489237
0.880626
1.17417
4.69668
14.09
6.45793
3.81605
4.50098
3.9139
4.40313
4.30529
3.52251
3.42466
2.93542
2.93542
3.62035
4.01174
4.69668
4.79452
3.52251
4.40313
4.50098
4.30529
0
0
0
0
0
0
0
0
0
0
0
0
0
0
0
0
0
0
0
0
0
0
0
0
0
0
0
0
0
0
0
0
0
0
0
0
0
0
0
0
0
0
0
0
0
0
0
0
0
0
0
0
0
0
0
0
0
0
0
0
0
0
0
0
0
0
0
0
0
0
0
0
0
0
0
0
0
0
0
0
0
0
0
0
0
0
0
0
0
0
0
0
0
0
0
0
0
0
0
0
0
0
0
0
0
0
0
0
27.3705
72.6298
0
0
0
0
0
0
0
0
0
0
0
0
0
0
0
0
0
0
0
0
0
0
0
0
0
0
0
0
0
0
0
0
0
0
0
0
0
0
0
0
0
0
0
0
0
0
0
0
0
0
0
0
0
0
0
0
0
0
0
0
0
0
0
0.339198
0
0
0
0
0
0
0
0
0
0
0
0
0
0
0
0
0.000977517
0.00293255
0.494624
0.11437
0.00782014
0
0
0
0
0
0
0
0
0
0
0.0058651
0.0342131
0
0
0
0
0
0
0
0
0
0.000977517
0.0058651
0.00391007
0.00391007
0.0117302
0.00977517
0.00977517
0.0117302
0.0058651
0.00684262
0.00684262
0.00391007
0.0058651
0.0107527
0.0185728
0.0469208
0.0909091
0.12219
0.0977517
0.0772239
0.116325
0.184751
0.127077
0.0205279
0
0
0
0
0
0
0
0
0
0
0
0
0.0136852
0.0195503
0.0254154
0.0175953
0.0127077
0.0146628
0.0273705
0.101662
0.265885
0.230694
0.143695
0.0772239
0.0420332
0.00782014
0
0
0
0
0
0
0
