1.39665
1.25698
1.39665
2.09497
1.74581
2.09497
3.42179
5.37709
5.51676
3.00279
2.86313
2.51397
3.00279
2.44413
2.51397
1.67598
0.488827
0.558659
0.837989
1.39665
1.32682
0.349162
0.907821
1.39665
1.53631
3.56145
2.86313
3.14246
2.5838
4.32961
6.9134
3.49162
2.1648
2.93296
2.7933
1.25698
1.60615
0.837989
1.81564
1.60615
1.39665
1.25698
2.02514
1.04749
1.32682
0.349162
0.139665
0.209497
0.139665
0.139665
0.209497
0
0
0.139665
0
0
0
0.0698324
0
0.0698324
0.209497
0
0.0698324
0
0.0698324
0
6.00558
82.2621
8.44972
0
0.139665
0
0.0698324
0
0
0.0698324
0.0698324
0.139665
0.0698324
0.139665
0
0.209497
0.0698324
0.0698324
0.0698324
0
0
0.0698324
0.0698324
0.27933
0
0
0
0
0
0
0
0
0
0
0
0
0
0
0
0
0
0
0
0
0
1.60615
2.3743
7.40223
8.17039
8.31005
7.47206
6.63407
5.65642
4.5391
4.18994
3.63128
3.63128
3.98045
2.5838
3.63128
3.21229
2.7933
3.00279
2.44413
2.02514
2.23464
3.28212
3.63128
3.63128
0
0
0
0
0
0
0
0
0
0
0
0
0
0
0
0
0
0
0
0
0
0
0
0
0
0
0
0
0
0
0
0
0
0
0
0
0
0
0
0
0
0
0
0
0
0
0
0
0
0
0
0
0
0
0
0
0
0
0
0
0
0
0
0
0
0
0
0
0
0
0
0
0
0
0
0
0
0
0
0
0
0
0
0
0
0
0
0
0
0
0
0
0
0
0
0
0
0
0
0
0
0
0
0
0
0
0
0
48.2202
51.7791
0
0
0
0
0
0
0
0
0
0
0
0
0
0
0
0
0
0
0
0
0
0
0
0
0
0
0
0
0
0
0
0
0
0
0
0
0
0
0
0
0
0
0
0
0
0
0
0
0
0
0
0
0
0
0
0
0
0
0
0
0
0
0
0.387997
0.0244243
0
0
0.0418702
0.171668
0.000697837
0.00209351
0.00418702
0.00976971
0.030007
0.0153524
0.0188416
0.00907188
0.00628053
0.000697837
0
0
0.00209351
0.0118632
0.105373
0.101884
0.00558269
0.000697837
0
0
0
0
0
0
0
0
0.00907188
0.0404745
0
0
0
0
0
0
0
0
0.000697837
0
0.000697837
0.00139567
0.00488486
0.00558269
0.0139567
0.0334962
0.0551291
0.042568
0.0432659
0.0418702
0.042568
0.0502442
0.0774599
0.0935101
0.0851361
0.0858339
0.0872296
0.0788555
0.0467551
0.0565248
0.0307048
0.0167481
0.00488486
0
0
0
0
0
0
0
0
0
0
0
0
0.0209351
0.120726
0.0928123
0.117237
0.0837404
0.060014
0.0621075
0.0788555
0.0544313
0.0676902
0.0851361
0.0865318
0.0495464
0.0125611
0.00279135
0.00279135
0.00209351
0
0
0
0
