1.00733
1.92308
1.0989
0.732601
1.00733
0.274725
0.457875
0.3663
0
0
0
0
1.00733
1.4652
3.66301
5.67766
7.41759
9.70696
8.51649
8.05861
8.51649
5.12821
5.03663
3.75458
4.21246
4.57876
2.74725
1.37363
0.457875
0
0.0915751
0
0
0
0
0.824176
0.0915751
0.18315
0.3663
0.274725
2.01465
2.65568
1.73993
1.8315
1.8315
0.0915751
0
0.0915751
0.18315
0.274725
0.274725
0.3663
0.18315
0.18315
0.3663
0.18315
0.915751
0.732601
1.64835
3.38828
3.57143
4.85348
5.67766
6.77656
6.22711
6.31868
5.58608
3.11355
5.03663
5.40293
5.40293
5.86081
4.30403
5.31136
4.21246
6.13553
3.57143
0.457875
0.457875
0.457875
0.549451
0.274725
0.457875
0.18315
0
0.0915751
0.3663
0.0915751
0.18315
0.274725
0
0
0
0
0
0
0
0
0
0
0
0
0
0
0.3663
0.732601
1.8315
2.38095
0.732601
0.18315
0.3663
0.0915751
0
0.915751
1.73993
2.01465
2.47253
8.15019
9.43223
6.41026
5.21978
5.67766
5.67766
3.57143
3.75458
3.75458
4.30403
4.57876
5.21978
4.76191
3.93773
3.57143
3.11355
2.74725
2.38095
0
0
0
0
0
0
0
0
0
0
0
0
0
0
0
0
0
0
0
0
0
0
0
0
0
0
0
0
0
0
0
0
0
0
0
0
0
0
0
0
0
0
0
0
0
0
0
0
0
0
0
0
0
0
0
0
0
0
0
0
0
0
0
0
0
0
0
0
0
0
0
0
0
0
0
0
0
0
0
0
0
0
0
0
0
0
0
0
0
0
0
0
0
0
0
0
0
0
0
0
0
0
0
0
0
0
0
0
59.0121
40.9882
0
0
0
0
0
0
0
0
0
0
0
0
0
0
0
0
0
0
0
0
0
0
0
0
0
0
0
0
0
0
0
0
0
0
0
0
0
0
0
0
0
0
0
0
0
0
0
0
0
0
0
0
0
0
0
0
0
0
0
0
0
0
0
0.190302
0.00365965
0
0
0.000914913
0.00365965
0.00182983
0.00548948
0.00182983
0.00365965
0.00365965
0.00823422
0.182068
0.0466606
0.0118939
0
0
0
0.00548948
0.414456
0.0887466
0.00548948
0.00274474
0.000914913
0.000914913
0
0
0
0
0
0
0
0.00640439
0.010979
0
0
0
0
0
0
0
0
0.000914913
0.00182983
0.00640439
0.00457457
0.0073193
0.010064
0.0118939
0.0118939
0.0146386
0.00640439
0.0073193
0.0155535
0.0228728
0.0393413
0.0384264
0.0612992
0.0503202
0.0649588
0.0978957
0.0832571
0.094236
0.103385
0.134492
0.0933211
0.0173833
0
0
0
0
0
0
0
0
0
0
0
0
0.0182983
0.0329369
0.032022
0.0256176
0.031107
0.0667887
0.125343
0.140897
0.189387
0.142726
0.0960659
0.0475755
0.0384264
0.010979
0.00182983
0
0
0
0
0
0
