3.5316
2.32342
1.11524
0.650558
1.39405
0.464684
0.0929368
0
0
0
0
0
0.0929368
2.13755
3.99628
5.20446
7.34201
6.97026
10.0372
9.47956
6.22677
5.39034
4.08922
3.90334
2.32342
3.06691
1.30112
0.650558
0.0929368
0
0
0
0
0
0
0
0.185874
0.185874
1.0223
2.04461
2.13755
2.32342
3.34572
4.08922
2.88104
0
0
0
0.0929368
0.0929368
0.0929368
0.185874
0.371747
0.185874
0.371747
0.371747
0.371747
0.27881
0
0.650558
0.371747
1.95167
3.71747
7.15614
7.34201
7.89963
7.71376
9.94424
10.5948
9.75837
10.0372
10.6877
5.39034
0.743494
0.557621
0.557621
0.27881
0.185874
0.371747
0.371747
0.464684
0.464684
0.27881
0
0
0.185874
0
0
0
0
0
0
0
0
0
0
0
0
0
0
0
0
0
0
0
0
0
0.0929368
1.39405
3.99628
0.836431
0.650558
0.185874
2.50929
6.50558
5.11153
5.76208
4.5539
4.18216
5.39034
3.81041
4.18216
5.39034
4.92565
3.34572
5.48327
5.2974
4.5539
5.94796
5.11153
3.06691
2.69517
2.13755
1.95167
1.0223
0
0
0
0
0
0
0
0
0
0
0
0
0
0
0
0
0
0
0
0
0
0
0
0
0
0
0
0
0
0
0
0
0
0
0
0
0
0
0
0
0
0
0
0
0
0
0
0
0
0
0
0
0
0
0
0
0
0
0
0
0
0
0
0
0
0
0
0
0
0
0
0
0
0
0
0
0
0
0
0
0
0
0
0
0
0
0
0
0
0
0
0
0
0
0
0
0
0
0
0
0
0
0
0
0
0
0
0
49.4891
50.5104
0
0
0
0
0
0
0
0
0
0
0
0
0
0
0
0
0
0
0
0
0
0
0
0
0
0
0
0
0
0
0
0
0
0
0
0
0
0
0
0
0
0
0
0
0
0
0
0
0
0
0
0
0
0
0
0
0
0
0
0
0
0
0
0.559889
0
0
0
0
0
0
0
0
0
0
0
0
0
0
0
0
0
0.00185701
0.299907
0.0891365
0.00371402
0.000928505
0.00278552
0
0
0
0
0
0
0
0
0.0139276
0.0278552
0
0
0
0
0
0
0
0
0
0.00185701
0.00557103
0.00371402
0.00464253
0.00464253
0.00278552
0.0111421
0.0120706
0.0204271
0.0334262
0.0417827
0.0445682
0.0287837
0.0278552
0.0343547
0.0594243
0.0761374
0.153203
0.0947075
0.0724234
0.0427112
0.0947075
0.11792
0.0111421
0
0
0
0
0
0
0
0
0
0
0
0
0.0167131
0.00835655
0.00835655
0.0167131
0.0631384
0.116063
0.0529248
0.0575673
0.154132
0.182916
0.181987
0.0733519
0.0603528
0.00742804
0
0
0
0
0
0
0
