3.207
1.16618
0.145773
0.728863
0.145773
0.145773
0
0
0
0
0
0
1.02041
1.89504
1.74927
5.68513
7.72595
6.70554
9.18367
8.45481
8.30904
7.72595
7.4344
4.51895
4.66472
2.18659
0.728863
0.291545
0
0
0
0
0
0
0
0
0
0
0.145773
0.145773
0.874636
2.47813
4.95627
3.93586
3.79009
0
0
0
0
0
0.291545
0
0
0.145773
0
0.437318
0.58309
0.728863
0.145773
2.33236
2.76968
3.79009
8.60058
8.89213
6.55977
5.8309
7.14286
6.70554
5.68513
6.55977
9.0379
9.0379
5.53936
3.64432
2.33236
1.6035
0.728863
0.145773
0.145773
0
0.291545
0
0.437318
0
0
0
0
0
0
0
0
0
0
0
0
0
0
0
0
0
0
0
0
0
0
0
0
0.437318
0.58309
2.04082
0.874636
1.16618
0.728863
3.06123
5.24781
6.55977
4.95627
4.51895
6.26822
5.8309
4.66472
5.39359
5.10204
5.8309
6.12245
6.85131
4.8105
3.93586
2.33236
2.33236
3.35277
2.47813
2.04082
1.45773
1.16618
0
0
0
0
0
0
0
0
0
0
0
0
0
0
0
0
0
0
0
0
0
0
0
0
0
0
0
0
0
0
0
0
0
0
0
0
0
0
0
0
0
0
0
0
0
0
0
0
0
0
0
0
0
0
0
0
0
0
0
0
0
0
0
0
0
0
0
0
0
0
0
0
0
0
0
0
0
0
0
0
0
0
0
0
0
0
0
0
0
0
0
0
0
0
0
0
0
0
0
0
0
0
0
0
0
0
0
0
41.3393
58.6611
0
0
0
0
0
0
0
0
0
0
0
0
0
0
0
0
0
0
0
0
0
0
0
0
0
0
0
0
0
0
0
0
0
0
0
0
0
0
0
0
0
0
0
0
0
0
0
0
0
0
0
0
0
0
0
0
0
0
0
0
0
0
0
0.924309
0
0
0
0
0
0
0
0
0
0
0
0
0
0
0
0
0
0
0.00291121
0.00727802
0
0
0
0
0
0
0
0
0
0
0
0.0116448
0.0538574
0
0
0
0
0
0
0
0
0.00291121
0.00291121
0
0
0.0014556
0.0014556
0.00873362
0.0218341
0.0160116
0.0174672
0.0232897
0.0174672
0.0407569
0.0815138
0.0684134
0.0596798
0.0567686
0.126638
0.20524
0.141194
0.069869
0.0363901
0
0
0
0
0
0
0
0
0
0
0
0
0
0
0
0.00727802
0
0.00291121
0.0480349
0.0393013
0.0684134
0.110626
0.0669578
0.0786026
0.128093
0.227074
0.123726
0.0742358
0.0247453
0
0
0
0
0
0
0
