4.99676
3.56911
2.27125
1.88189
0.843608
2.01168
0.908501
0.45425
0.129786
0.259572
0.129786
0.194679
1.29786
1.36275
2.40104
4.54251
6.09993
6.81375
6.16482
6.74886
5.77547
4.08826
2.7904
2.07657
1.75211
1.55743
0.648929
1.23297
1.23297
0.908501
0.584036
0.324465
0
0.908501
2.20636
1.16807
1.42764
1.03829
0.973394
1.75211
1.23297
1.29786
3.50422
3.76379
4.73718
0.519143
0.389358
0.194679
0.0648929
0.259572
0.0648929
0.194679
0.0648929
0.0648929
0.259572
0.194679
0.259572
0.129786
0.0648929
0.259572
0.129786
0.194679
0
0.259572
7.59247
13.3679
24.0105
18.8839
19.5977
8.1765
2.14147
0.129786
0
0.0648929
0.194679
0
0.0648929
0.194679
0.129786
0.0648929
0.0648929
0.0648929
0.129786
0.129786
0.389358
0.259572
0.259572
0.129786
0.259572
0.194679
0
0
0
0
0
0
0
0
0
0
0
0
0
0
0
0
0
0
0
0.713822
0.908501
0.843608
1.29786
7.20311
7.20311
7.00843
7.268
6.48929
7.91693
7.52757
5.32122
4.86697
4.15315
4.80208
5.19143
3.89358
3.11486
3.43933
2.01168
1.42764
1.55743
1.42764
0.908501
1.29786
2.27125
0
0
0
0
0
0
0
0
0
0
0
0
0
0
0
0
0
0
0
0
0
0
0
0
0
0
0
0
0
0
0
0
0
0
0
0
0
0
0
0
0
0
0
0
0
0
0
0
0
0
0
0
0
0
0
0
0
0
0
0
0
0
0
0
0
0
0
0
0
0
0
0
0
0
0
0
0
0
0
0
0
0
0
0
0
0
0
0
0
0
0
0
0
0
0
0
0
0
0
0
0
0
0
0
0
0
0
0
45.9793
54.0206
0
0
0
0
0
0
0
0
0
0
0
0
0
0
0
0
0
0
0
0
0
0
0
0
0
0
0
0
0
0
0
0
0
0
0
0
0
0
0
0
0
0
0
0
0
0
0
0
0
0
0
0
0
0
0
0
0
0
0
0
0
0
0
0.251621
0.00453956
0
0
0.0402075
0.142023
0.00194553
0.000648508
0.00194553
0.00129702
0.00194553
0.00129702
0.0460441
0.0129702
0.00129702
0.000648508
0
0
0.0077821
0.246433
0.112192
0.076524
0.00194553
0.00259403
0.00129702
0
0
0
0
0
0
0
0.0110246
0.0317769
0
0
0
0
0
0
0
0
0
0.00129702
0.00129702
0.00194553
0.00648508
0.00518807
0.00583658
0.00389105
0
0.00194553
0.00843061
0.0155642
0.0350195
0.07393
0.110895
0.109598
0.0830091
0.0538262
0.0570687
0.0693904
0.080415
0.12192
0.0856031
0.0603113
0.00713359
0
0
0
0
0
0
0
0
0
0
0
0
0.0149157
0.123217
0.0674449
0.0162127
0.0175097
0.0188067
0.0881971
0.243839
0.158885
0.0920882
0.0616083
0.0518807
0.0285344
0.0110246
0.00453956
0
0.000648508
0.000648508
0
0
0
